time	time	departures_all	arrivals_all	stuck_all	en-route_all	departures_car	arrivals_car	stuck_car	en-route_car	departures_car_passenger	arrivals_car_passenger	stuck_car_passenger	en-route_car_passenger	departures_outside	arrivals_outside	stuck_outside	en-route_outside	departures_pt	arrivals_pt	stuck_pt	en-route_pt	departures_walk	arrivals_walk	stuck_walk	en-route_walk
00:00:00	0	0	0	0	0	0	0	0	0	0	0	0	0	0	0	0	0	0	0	0	0	0	0	0	0
00:05:00	300	0	0	0	0	0	0	0	0	0	0	0	0	0	0	0	0	0	0	0	0	0	0	0	0
00:10:00	600	0	0	0	0	0	0	0	0	0	0	0	0	0	0	0	0	0	0	0	0	0	0	0	0
00:15:00	900	0	0	0	0	0	0	0	0	0	0	0	0	0	0	0	0	0	0	0	0	0	0	0	0
00:20:00	1200	0	0	0	0	0	0	0	0	0	0	0	0	0	0	0	0	0	0	0	0	0	0	0	0
00:25:00	1500	0	0	0	0	0	0	0	0	0	0	0	0	0	0	0	0	0	0	0	0	0	0	0	0
00:30:00	1800	0	0	0	0	0	0	0	0	0	0	0	0	0	0	0	0	0	0	0	0	0	0	0	0
00:35:00	2100	0	0	0	0	0	0	0	0	0	0	0	0	0	0	0	0	0	0	0	0	0	0	0	0
00:40:00	2400	0	0	0	0	0	0	0	0	0	0	0	0	0	0	0	0	0	0	0	0	0	0	0	0
00:45:00	2700	0	0	0	0	0	0	0	0	0	0	0	0	0	0	0	0	0	0	0	0	0	0	0	0
00:50:00	3000	0	0	0	0	0	0	0	0	0	0	0	0	0	0	0	0	0	0	0	0	0	0	0	0
00:55:00	3300	0	0	0	0	0	0	0	0	0	0	0	0	0	0	0	0	0	0	0	0	0	0	0	0
01:00:00	3600	0	0	0	0	0	0	0	0	0	0	0	0	0	0	0	0	0	0	0	0	0	0	0	0
01:05:00	3900	0	0	0	0	0	0	0	0	0	0	0	0	0	0	0	0	0	0	0	0	0	0	0	0
01:10:00	4200	0	0	0	0	0	0	0	0	0	0	0	0	0	0	0	0	0	0	0	0	0	0	0	0
01:15:00	4500	0	0	0	0	0	0	0	0	0	0	0	0	0	0	0	0	0	0	0	0	0	0	0	0
01:20:00	4800	0	0	0	0	0	0	0	0	0	0	0	0	0	0	0	0	0	0	0	0	0	0	0	0
01:25:00	5100	0	0	0	0	0	0	0	0	0	0	0	0	0	0	0	0	0	0	0	0	0	0	0	0
01:30:00	5400	0	0	0	0	0	0	0	0	0	0	0	0	0	0	0	0	0	0	0	0	0	0	0	0
01:35:00	5700	0	0	0	0	0	0	0	0	0	0	0	0	0	0	0	0	0	0	0	0	0	0	0	0
01:40:00	6000	0	0	0	0	0	0	0	0	0	0	0	0	0	0	0	0	0	0	0	0	0	0	0	0
01:45:00	6300	0	0	0	0	0	0	0	0	0	0	0	0	0	0	0	0	0	0	0	0	0	0	0	0
01:50:00	6600	0	0	0	0	0	0	0	0	0	0	0	0	0	0	0	0	0	0	0	0	0	0	0	0
01:55:00	6900	0	0	0	0	0	0	0	0	0	0	0	0	0	0	0	0	0	0	0	0	0	0	0	0
02:00:00	7200	0	0	0	0	0	0	0	0	0	0	0	0	0	0	0	0	0	0	0	0	0	0	0	0
02:05:00	7500	0	0	0	0	0	0	0	0	0	0	0	0	0	0	0	0	0	0	0	0	0	0	0	0
02:10:00	7800	0	0	0	0	0	0	0	0	0	0	0	0	0	0	0	0	0	0	0	0	0	0	0	0
02:15:00	8100	0	0	0	0	0	0	0	0	0	0	0	0	0	0	0	0	0	0	0	0	0	0	0	0
02:20:00	8400	0	0	0	0	0	0	0	0	0	0	0	0	0	0	0	0	0	0	0	0	0	0	0	0
02:25:00	8700	0	0	0	0	0	0	0	0	0	0	0	0	0	0	0	0	0	0	0	0	0	0	0	0
02:30:00	9000	0	0	0	0	0	0	0	0	0	0	0	0	0	0	0	0	0	0	0	0	0	0	0	0
02:35:00	9300	0	0	0	0	0	0	0	0	0	0	0	0	0	0	0	0	0	0	0	0	0	0	0	0
02:40:00	9600	0	0	0	0	0	0	0	0	0	0	0	0	0	0	0	0	0	0	0	0	0	0	0	0
02:45:00	9900	0	0	0	0	0	0	0	0	0	0	0	0	0	0	0	0	0	0	0	0	0	0	0	0
02:50:00	10200	0	0	0	0	0	0	0	0	0	0	0	0	0	0	0	0	0	0	0	0	0	0	0	0
02:55:00	10500	0	0	0	0	0	0	0	0	0	0	0	0	0	0	0	0	0	0	0	0	0	0	0	0
03:00:00	10800	0	0	0	0	0	0	0	0	0	0	0	0	0	0	0	0	0	0	0	0	0	0	0	0
03:05:00	11100	0	0	0	0	0	0	0	0	0	0	0	0	0	0	0	0	0	0	0	0	0	0	0	0
03:10:00	11400	0	0	0	0	0	0	0	0	0	0	0	0	0	0	0	0	0	0	0	0	0	0	0	0
03:15:00	11700	0	0	0	0	0	0	0	0	0	0	0	0	0	0	0	0	0	0	0	0	0	0	0	0
03:20:00	12000	0	0	0	0	0	0	0	0	0	0	0	0	0	0	0	0	0	0	0	0	0	0	0	0
03:25:00	12300	0	0	0	0	0	0	0	0	0	0	0	0	0	0	0	0	0	0	0	0	0	0	0	0
03:30:00	12600	0	0	0	0	0	0	0	0	0	0	0	0	0	0	0	0	0	0	0	0	0	0	0	0
03:35:00	12900	0	0	0	0	0	0	0	0	0	0	0	0	0	0	0	0	0	0	0	0	0	0	0	0
03:40:00	13200	0	0	0	0	0	0	0	0	0	0	0	0	0	0	0	0	0	0	0	0	0	0	0	0
03:45:00	13500	0	0	0	0	0	0	0	0	0	0	0	0	0	0	0	0	0	0	0	0	0	0	0	0
03:50:00	13800	0	0	0	0	0	0	0	0	0	0	0	0	0	0	0	0	0	0	0	0	0	0	0	0
03:55:00	14100	0	0	0	0	0	0	0	0	0	0	0	0	0	0	0	0	0	0	0	0	0	0	0	0
04:00:00	14400	0	0	0	0	0	0	0	0	0	0	0	0	0	0	0	0	0	0	0	0	0	0	0	0
04:05:00	14700	0	0	0	0	0	0	0	0	0	0	0	0	0	0	0	0	0	0	0	0	0	0	0	0
04:10:00	15000	0	0	0	0	0	0	0	0	0	0	0	0	0	0	0	0	0	0	0	0	0	0	0	0
04:15:00	15300	0	0	0	0	0	0	0	0	0	0	0	0	0	0	0	0	0	0	0	0	0	0	0	0
04:20:00	15600	0	0	0	0	0	0	0	0	0	0	0	0	0	0	0	0	0	0	0	0	0	0	0	0
04:25:00	15900	0	0	0	0	0	0	0	0	0	0	0	0	0	0	0	0	0	0	0	0	0	0	0	0
04:30:00	16200	0	0	0	0	0	0	0	0	0	0	0	0	0	0	0	0	0	0	0	0	0	0	0	0
04:35:00	16500	0	0	0	0	0	0	0	0	0	0	0	0	0	0	0	0	0	0	0	0	0	0	0	0
04:40:00	16800	0	0	0	0	0	0	0	0	0	0	0	0	0	0	0	0	0	0	0	0	0	0	0	0
04:45:00	17100	0	0	0	0	0	0	0	0	0	0	0	0	0	0	0	0	0	0	0	0	0	0	0	0
04:50:00	17400	0	0	0	0	0	0	0	0	0	0	0	0	0	0	0	0	0	0	0	0	0	0	0	0
04:55:00	17700	0	0	0	0	0	0	0	0	0	0	0	0	0	0	0	0	0	0	0	0	0	0	0	0
05:00:00	18000	0	0	0	0	0	0	0	0	0	0	0	0	0	0	0	0	0	0	0	0	0	0	0	0
05:05:00	18300	0	0	0	0	0	0	0	0	0	0	0	0	0	0	0	0	0	0	0	0	0	0	0	0
05:10:00	18600	0	0	0	0	0	0	0	0	0	0	0	0	0	0	0	0	0	0	0	0	0	0	0	0
05:15:00	18900	0	0	0	0	0	0	0	0	0	0	0	0	0	0	0	0	0	0	0	0	0	0	0	0
05:20:00	19200	0	0	0	0	0	0	0	0	0	0	0	0	0	0	0	0	0	0	0	0	0	0	0	0
05:25:00	19500	0	0	0	0	0	0	0	0	0	0	0	0	0	0	0	0	0	0	0	0	0	0	0	0
05:30:00	19800	0	0	0	0	0	0	0	0	0	0	0	0	0	0	0	0	0	0	0	0	0	0	0	0
05:35:00	20100	0	0	0	0	0	0	0	0	0	0	0	0	0	0	0	0	0	0	0	0	0	0	0	0
05:40:00	20400	0	0	0	0	0	0	0	0	0	0	0	0	0	0	0	0	0	0	0	0	0	0	0	0
05:45:00	20700	0	0	0	0	0	0	0	0	0	0	0	0	0	0	0	0	0	0	0	0	0	0	0	0
05:50:00	21000	0	0	0	0	0	0	0	0	0	0	0	0	0	0	0	0	0	0	0	0	0	0	0	0
05:55:00	21300	0	0	0	0	0	0	0	0	0	0	0	0	0	0	0	0	0	0	0	0	0	0	0	0
06:00:00	21600	0	0	0	0	0	0	0	0	0	0	0	0	0	0	0	0	0	0	0	0	0	0	0	0
06:05:00	21900	0	0	0	0	0	0	0	0	0	0	0	0	0	0	0	0	0	0	0	0	0	0	0	0
06:10:00	22200	1	0	0	1	1	0	0	1	0	0	0	0	0	0	0	0	0	0	0	0	0	0	0	0
06:15:00	22500	0	1	0	0	0	1	0	0	0	0	0	0	0	0	0	0	0	0	0	0	0	0	0	0
06:20:00	22800	0	0	0	0	0	0	0	0	0	0	0	0	0	0	0	0	0	0	0	0	0	0	0	0
06:25:00	23100	1	0	0	1	1	0	0	1	0	0	0	0	0	0	0	0	0	0	0	0	0	0	0	0
06:30:00	23400	18	0	0	19	17	0	0	18	0	0	0	0	0	0	0	0	0	0	0	0	1	0	0	1
06:35:00	23700	11	3	0	27	11	3	0	26	0	0	0	0	0	0	0	0	0	0	0	0	0	0	0	1
06:40:00	24000	10	3	0	34	10	3	0	33	0	0	0	0	0	0	0	0	0	0	0	0	0	0	0	1
06:45:00	24300	10	5	0	39	10	5	0	38	0	0	0	0	0	0	0	0	0	0	0	0	0	0	0	1
06:50:00	24600	17	4	0	52	16	4	0	50	0	0	0	0	0	0	0	0	0	0	0	0	1	0	0	2
06:55:00	24900	25	8	0	69	24	8	0	66	0	0	0	0	0	0	0	0	0	0	0	0	1	0	0	3
07:00:00	25200	23	11	0	81	22	11	0	77	0	0	0	0	0	0	0	0	0	0	0	0	1	0	0	4
07:05:00	25500	21	11	0	91	19	10	0	86	0	0	0	0	0	0	0	0	0	0	0	0	2	1	0	5
07:10:00	25800	27	11	0	107	25	11	0	100	0	0	0	0	0	0	0	0	0	0	0	0	2	0	0	7
07:15:00	26100	22	8	0	121	22	6	0	116	0	0	0	0	0	0	0	0	0	0	0	0	0	2	0	5
07:20:00	26400	31	16	0	136	31	16	0	131	0	0	0	0	0	0	0	0	0	0	0	0	0	0	0	5
07:25:00	26700	40	11	0	165	34	11	0	154	0	0	0	0	0	0	0	0	0	0	0	0	6	0	0	11
07:30:00	27000	29	16	0	178	27	15	0	166	0	0	0	0	1	1	0	0	0	0	0	0	1	0	0	12
07:35:00	27300	20	10	0	188	18	9	0	175	0	0	0	0	1	1	0	0	0	0	0	0	1	0	0	13
07:40:00	27600	27	24	0	191	27	22	0	180	0	0	0	0	0	0	0	0	0	0	0	0	0	2	0	11
07:45:00	27900	28	15	0	204	25	14	0	191	0	0	0	0	0	0	0	0	0	0	0	0	3	1	0	13
07:50:00	28200	28	21	0	211	28	21	0	198	0	0	0	0	0	0	0	0	0	0	0	0	0	0	0	13
07:55:00	28500	30	21	0	220	27	21	0	204	3	0	0	3	0	0	0	0	0	0	0	0	0	0	0	13
08:00:00	28800	39	27	0	232	25	23	0	206	14	3	0	14	0	0	0	0	0	0	0	0	0	1	0	12
08:05:00	29100	37	22	0	247	32	15	0	223	5	7	0	12	0	0	0	0	0	0	0	0	0	0	0	12
08:10:00	29400	46	29	0	264	29	23	0	229	15	5	0	22	1	1	0	0	0	0	0	0	1	0	0	13
08:15:00	29700	31	25	0	270	24	15	0	238	7	8	0	21	0	0	0	0	0	0	0	0	0	2	0	11
08:20:00	30000	48	29	0	289	39	19	0	258	8	9	0	20	1	1	0	0	0	0	0	0	0	0	0	11
08:25:00	30300	38	25	0	302	35	18	0	275	2	6	0	16	1	1	0	0	0	0	0	0	0	0	0	11
08:30:00	30600	30	33	0	299	25	29	0	271	4	3	0	17	0	0	0	0	0	0	0	0	1	1	0	11
08:35:00	30900	24	21	0	302	20	17	0	274	4	4	0	17	0	0	0	0	0	0	0	0	0	0	0	11
08:40:00	31200	30	18	0	314	19	8	0	285	10	8	0	19	0	0	0	0	1	0	0	1	0	2	0	9
08:45:00	31500	40	29	0	325	23	17	0	291	17	11	0	25	0	0	0	0	0	0	0	1	0	1	0	8
08:50:00	31800	24	25	0	324	17	18	0	290	5	6	0	24	0	0	0	0	1	0	0	2	1	1	0	8
08:55:00	32100	21	24	0	321	17	16	0	291	4	8	0	20	0	0	0	0	0	0	0	2	0	0	0	8
09:00:00	32400	22	19	0	324	18	15	0	294	1	4	0	17	0	0	0	0	0	0	0	2	3	0	0	11
09:05:00	32700	22	25	0	321	18	18	0	294	3	5	0	15	0	0	0	0	0	0	0	2	1	2	0	10
09:10:00	33000	15	18	0	318	13	12	0	295	1	5	0	11	1	1	0	0	0	0	0	2	0	0	0	10
09:15:00	33300	21	23	0	316	20	18	0	297	0	4	0	7	0	0	0	0	0	0	0	2	1	1	0	10
09:20:00	33600	16	13	0	319	14	12	0	299	0	0	0	7	0	0	0	0	0	1	0	1	2	0	0	12
09:25:00	33900	19	24	0	314	12	20	0	291	3	2	0	8	0	0	0	0	0	0	0	1	4	2	0	14
09:30:00	34200	13	16	0	311	12	13	0	290	0	2	0	6	0	0	0	0	0	0	0	1	1	1	0	14
09:35:00	34500	15	16	0	310	14	14	0	290	0	1	0	5	0	0	0	0	0	0	0	1	1	1	0	14
09:40:00	34800	16	16	0	310	11	14	0	287	1	1	0	5	0	0	0	0	0	0	0	1	4	1	0	17
09:45:00	35100	21	26	0	305	12	19	0	280	0	0	0	5	1	1	0	0	0	0	0	1	8	6	0	19
09:50:00	35400	17	17	0	305	16	10	0	286	0	3	0	2	0	0	0	0	0	0	0	1	1	4	0	16
09:55:00	35700	22	22	0	305	19	19	0	286	0	0	0	2	2	2	0	0	0	0	0	1	1	1	0	16
10:00:00	36000	30	33	0	302	18	23	0	281	0	2	0	0	0	0	0	0	0	0	0	1	12	8	0	20
10:05:00	36300	31	24	0	309	20	18	0	283	0	0	0	0	2	2	0	0	0	0	0	1	9	4	0	25
10:10:00	36600	28	23	0	314	13	13	0	283	0	0	0	0	0	0	0	0	0	0	0	1	15	10	0	30
10:15:00	36900	24	27	0	311	10	17	0	276	0	0	0	0	0	0	0	0	0	0	0	1	14	10	0	34
10:20:00	37200	26	28	0	309	15	15	0	276	0	0	0	0	0	0	0	0	0	0	0	1	11	13	0	32
10:25:00	37500	30	21	0	318	17	16	0	277	0	0	0	0	0	0	0	0	0	0	0	1	13	5	0	40
10:30:00	37800	26	22	0	322	9	11	0	275	0	0	0	0	0	0	0	0	0	0	0	1	17	11	0	46
10:35:00	38100	21	32	0	311	12	17	0	270	1	1	0	0	0	0	0	0	0	0	0	1	8	14	0	40
10:40:00	38400	25	27	0	309	10	14	0	266	1	0	0	1	0	0	0	0	0	0	0	1	14	13	0	41
10:45:00	38700	36	42	0	303	18	26	0	258	2	0	0	3	0	0	0	0	0	0	0	1	16	16	0	41
10:50:00	39000	22	27	0	298	10	14	0	254	0	2	0	1	0	0	0	0	0	0	0	1	12	11	0	42
10:55:00	39300	23	34	0	287	6	15	0	245	2	0	0	3	0	0	0	0	0	0	0	1	15	19	0	38
11:00:00	39600	17	25	0	279	5	13	0	237	0	1	0	2	0	0	0	0	0	0	0	1	12	11	0	39
11:05:00	39900	29	23	0	285	12	9	0	240	2	1	0	3	1	1	0	0	0	0	0	1	14	12	0	41
11:10:00	40200	31	26	0	290	18	11	0	247	0	1	0	2	0	0	0	0	0	0	0	1	13	14	0	40
11:15:00	40500	34	25	0	299	15	13	0	249	7	1	0	8	0	0	0	0	0	0	0	1	12	11	0	41
11:20:00	40800	20	23	0	296	6	7	0	248	2	0	0	10	0	0	0	0	0	0	0	1	12	16	0	37
11:25:00	41100	28	28	0	296	10	12	0	246	1	5	0	6	0	0	0	0	0	0	0	1	17	11	0	43
11:30:00	41400	24	25	0	295	9	6	0	249	1	2	0	5	2	2	0	0	0	0	0	1	12	15	0	40
11:35:00	41700	26	26	0	295	14	10	0	253	2	3	0	4	0	0	0	0	0	0	0	1	10	13	0	37
11:40:00	42000	24	22	0	297	10	10	0	253	0	1	0	3	1	1	0	0	0	0	0	1	13	10	0	40
11:45:00	42300	27	33	0	291	6	13	0	246	3	2	0	4	2	2	0	0	0	0	0	1	16	16	0	40
11:50:00	42600	25	28	0	288	14	15	0	245	0	1	0	3	1	1	0	0	0	0	0	1	10	11	0	39
11:55:00	42900	32	35	0	285	19	18	0	246	1	1	0	3	0	0	0	0	0	0	0	1	12	16	0	35
12:00:00	43200	26	20	0	291	23	11	0	258	0	1	0	2	2	2	0	0	0	0	0	1	1	6	0	30
12:05:00	43500	21	11	0	301	15	8	0	265	6	1	0	7	0	0	0	0	0	0	0	1	0	2	0	28
12:10:00	43800	24	18	0	307	21	15	0	271	2	0	0	9	0	0	0	0	0	0	0	1	1	3	0	26
12:15:00	44100	15	17	0	305	11	9	0	273	1	3	0	7	1	1	0	0	0	0	0	1	2	4	0	24
12:20:00	44400	20	14	0	311	20	8	0	285	0	3	0	4	0	0	0	0	0	0	0	1	0	3	0	21
12:25:00	44700	26	19	0	318	25	15	0	295	0	1	0	3	0	0	0	0	0	0	0	1	1	3	0	19
12:30:00	45000	9	15	0	312	9	10	0	294	0	1	0	2	0	0	0	0	0	0	0	1	0	4	0	15
12:35:00	45300	10	15	0	307	9	10	0	293	0	2	0	0	0	0	0	0	0	0	0	1	1	3	0	13
12:40:00	45600	10	13	0	304	10	11	0	292	0	0	0	0	0	0	0	0	0	0	0	1	0	2	0	11
12:45:00	45900	18	17	0	305	17	14	0	295	0	0	0	0	1	1	0	0	0	0	0	1	0	2	0	9
12:50:00	46200	15	14	0	306	15	14	0	296	0	0	0	0	0	0	0	0	0	0	0	1	0	0	0	9
12:55:00	46500	17	15	0	308	16	14	0	298	0	0	0	0	1	1	0	0	0	0	0	1	0	0	0	9
13:00:00	46800	4	9	0	303	3	8	0	293	0	0	0	0	0	0	0	0	0	0	0	1	1	1	0	9
13:05:00	47100	1	7	0	297	1	7	0	287	0	0	0	0	0	0	0	0	0	0	0	1	0	0	0	9
13:10:00	47400	0	7	0	290	0	7	0	280	0	0	0	0	0	0	0	0	0	0	0	1	0	0	0	9
13:15:00	47700	5	10	0	285	5	10	0	275	0	0	0	0	0	0	0	0	0	0	0	1	0	0	0	9
13:20:00	48000	4	6	0	283	4	6	0	273	0	0	0	0	0	0	0	0	0	0	0	1	0	0	0	9
13:25:00	48300	4	7	0	280	3	6	0	270	0	0	0	0	0	0	0	0	0	0	0	1	1	1	0	9
13:30:00	48600	14	8	0	286	9	6	0	273	1	0	0	1	0	0	0	0	0	0	0	1	4	2	0	11
13:35:00	48900	17	14	0	289	12	11	0	274	3	0	0	4	1	1	0	0	0	0	0	1	1	2	0	10
13:40:00	49200	9	7	0	291	5	6	0	273	2	1	0	5	0	0	0	0	0	0	0	1	2	0	0	12
13:45:00	49500	15	14	0	292	7	9	0	271	1	2	0	4	1	1	0	0	0	1	0	0	6	1	0	17
13:50:00	49800	30	6	0	316	18	3	0	286	9	2	0	11	0	0	0	0	0	0	0	0	3	1	0	19
13:55:00	50100	28	21	0	323	23	15	0	294	3	4	0	10	0	0	0	0	0	0	0	0	2	2	0	19
14:00:00	50400	30	16	0	337	16	7	0	303	3	4	0	9	1	1	0	0	0	0	0	0	10	4	0	25
14:05:00	50700	23	22	0	338	10	11	0	302	5	4	0	10	2	2	0	0	0	0	0	0	6	5	0	26
14:10:00	51000	25	14	0	349	16	5	0	313	6	6	0	10	0	0	0	0	0	0	0	0	3	3	0	26
14:15:00	51300	19	34	0	334	9	22	0	300	2	4	0	8	1	1	0	0	0	0	0	0	7	7	0	26
14:20:00	51600	24	24	0	334	13	13	0	300	6	5	0	9	2	2	0	0	0	0	0	0	3	4	0	25
14:25:00	51900	30	18	0	346	14	12	0	302	10	4	0	15	2	2	0	0	0	0	0	0	4	0	0	29
14:30:00	52200	16	16	0	346	4	7	0	299	5	5	0	15	2	2	0	0	0	0	0	0	5	2	0	32
14:35:00	52500	33	20	0	359	18	9	0	308	4	6	0	13	0	0	0	0	0	0	0	0	11	5	0	38
14:40:00	52800	26	32	0	353	17	15	0	310	4	6	0	11	2	2	0	0	0	0	0	0	3	9	0	32
14:45:00	53100	20	23	0	350	14	12	0	312	3	7	0	7	2	2	0	0	0	0	0	0	1	2	0	31
14:50:00	53400	29	26	0	353	18	15	0	315	0	3	0	4	1	1	0	0	0	0	0	0	10	7	0	34
14:55:00	53700	20	23	0	350	12	13	0	314	3	2	0	5	1	1	0	0	0	0	0	0	4	7	0	31
15:00:00	54000	20	28	0	342	10	18	0	306	3	4	0	4	1	1	0	0	0	0	0	0	6	5	0	32
15:05:00	54300	19	24	0	337	12	18	0	300	0	0	0	4	1	1	0	0	0	0	0	0	6	5	0	33
15:10:00	54600	22	23	0	336	17	16	0	301	0	2	0	2	0	0	0	0	0	0	0	0	5	5	0	33
15:15:00	54900	21	15	0	342	15	12	0	304	0	1	0	1	0	0	0	0	0	0	0	0	6	2	0	37
15:20:00	55200	26	25	0	343	24	21	0	307	0	0	0	1	0	0	0	0	0	0	0	0	2	4	0	35
15:25:00	55500	21	32	0	332	10	21	0	296	3	1	0	3	3	3	0	0	0	0	0	0	5	7	0	33
15:30:00	55800	22	20	0	334	7	11	0	292	0	0	0	3	1	1	0	0	0	0	0	0	14	8	0	39
15:35:00	56100	38	25	0	347	17	12	0	297	0	1	0	2	2	2	0	0	1	0	0	1	18	10	0	47
15:40:00	56400	41	26	0	362	22	13	0	306	0	0	0	2	0	0	0	0	0	0	0	1	19	13	0	53
15:45:00	56700	27	29	0	360	13	15	0	304	0	1	0	1	1	1	0	0	1	0	0	2	12	12	0	53
15:50:00	57000	37	32	0	365	22	10	0	316	0	0	0	1	0	0	0	0	0	0	0	2	15	22	0	46
15:55:00	57300	25	18	0	372	12	14	0	314	0	1	0	0	0	0	0	0	0	0	0	2	13	3	0	56
16:00:00	57600	29	37	0	364	9	22	0	301	9	1	0	8	1	1	0	0	0	0	0	2	10	13	0	53
16:05:00	57900	41	31	0	374	18	16	0	303	8	4	0	12	0	0	0	0	0	0	0	2	15	11	0	57
16:10:00	58200	39	39	0	374	13	13	0	303	8	7	0	13	1	1	0	0	0	1	0	1	17	17	0	57
16:15:00	58500	30	34	0	370	8	20	0	291	6	5	0	14	0	0	0	0	0	0	0	1	16	9	0	64
16:20:00	58800	44	31	0	383	22	12	0	301	9	6	0	17	1	1	0	0	0	0	0	1	12	12	0	64
16:25:00	59100	37	39	0	381	14	16	0	299	12	11	0	18	0	0	0	0	0	0	0	1	11	12	0	63
16:30:00	59400	45	32	0	394	17	9	0	307	9	6	0	21	3	3	0	0	1	0	0	2	15	14	0	64
16:35:00	59700	45	31	0	408	17	1	0	323	10	12	0	19	3	3	0	0	0	0	0	2	15	15	0	64
16:40:00	60000	34	26	0	416	13	8	0	328	6	2	0	23	1	1	0	0	0	0	0	2	14	15	0	63
16:45:00	60300	44	38	0	422	9	14	0	323	20	11	0	32	2	2	0	0	0	0	0	2	13	11	0	65
16:50:00	60600	46	47	0	421	20	10	0	333	14	17	0	29	1	1	0	0	0	0	0	2	11	19	0	57
16:55:00	60900	37	38	0	420	15	13	0	335	8	13	0	24	2	2	0	0	0	0	0	2	12	10	0	59
17:00:00	61200	47	33	0	434	26	14	0	347	8	5	0	27	0	0	0	0	0	0	0	2	13	14	0	58
17:05:00	61500	51	35	0	450	36	16	0	367	7	9	0	25	2	2	0	0	0	0	0	2	6	8	0	56
17:10:00	61800	52	45	0	457	19	20	0	366	13	8	0	30	3	3	0	0	0	0	0	2	17	14	0	59
17:15:00	62100	52	42	0	467	25	21	0	370	11	9	0	32	2	2	0	0	0	0	0	2	14	10	0	63
17:20:00	62400	43	34	0	476	29	13	0	386	3	10	0	25	2	2	0	0	0	0	0	2	9	9	0	63
17:25:00	62700	36	50	0	462	19	18	0	387	1	10	0	16	5	5	0	0	0	1	0	1	11	16	0	58
17:30:00	63000	19	31	0	450	18	16	0	389	0	5	0	11	1	1	0	0	0	0	0	1	0	9	0	49
17:35:00	63300	31	25	0	456	26	14	0	401	3	3	0	11	1	1	0	0	0	1	0	0	1	6	0	44
17:40:00	63600	17	24	0	449	14	18	0	397	2	2	0	11	0	0	0	0	0	0	0	0	1	4	0	41
17:45:00	63900	33	29	0	453	30	20	0	407	1	3	0	9	1	1	0	0	0	0	0	0	1	5	0	37
17:50:00	64200	29	31	0	451	27	20	0	414	0	2	0	7	1	1	0	0	0	0	0	0	1	8	0	30
17:55:00	64500	19	24	0	446	16	14	0	416	1	2	0	6	1	1	0	0	0	0	0	0	1	7	0	24
18:00:00	64800	24	38	0	432	24	32	0	408	0	0	0	6	0	0	0	0	0	0	0	0	0	6	0	18
18:05:00	65100	23	29	0	426	22	23	0	407	0	2	0	4	0	0	0	0	0	0	0	0	1	4	0	15
18:10:00	65400	18	29	0	415	18	25	0	400	0	0	0	4	0	0	0	0	0	0	0	0	0	4	0	11
18:15:00	65700	12	23	0	404	10	20	0	390	0	1	0	3	0	0	0	0	0	0	0	0	2	2	0	11
18:20:00	66000	19	21	0	402	17	20	0	387	0	0	0	3	0	0	0	0	0	0	0	0	2	1	0	12
18:25:00	66300	10	18	0	394	8	15	0	380	0	0	0	3	0	0	0	0	0	0	0	0	2	3	0	11
18:30:00	66600	8	22	0	380	6	19	0	367	1	1	0	3	1	1	0	0	0	0	0	0	0	1	0	10
18:35:00	66900	15	19	0	376	15	17	0	365	0	0	0	3	0	0	0	0	0	0	0	0	0	2	0	8
18:40:00	67200	14	11	0	379	14	11	0	368	0	0	0	3	0	0	0	0	0	0	0	0	0	0	0	8
18:45:00	67500	16	17	0	378	15	14	0	369	0	2	0	1	1	1	0	0	0	0	0	0	0	0	0	8
18:50:00	67800	4	18	0	364	4	17	0	356	0	0	0	1	0	0	0	0	0	0	0	0	0	1	0	7
18:55:00	68100	9	10	0	363	9	10	0	355	0	0	0	1	0	0	0	0	0	0	0	0	0	0	0	7
19:00:00	68400	18	10	0	371	15	7	0	363	0	0	0	1	2	2	0	0	0	0	0	0	1	1	0	7
19:05:00	68700	22	15	0	378	22	15	0	370	0	0	0	1	0	0	0	0	0	0	0	0	0	0	0	7
19:10:00	69000	6	12	0	372	5	12	0	363	0	0	0	1	0	0	0	0	0	0	0	0	1	0	0	8
19:15:00	69300	21	17	0	376	21	17	0	367	0	0	0	1	0	0	0	0	0	0	0	0	0	0	0	8
19:20:00	69600	12	16	0	372	12	15	0	364	0	0	0	1	0	0	0	0	0	0	0	0	0	1	0	7
19:25:00	69900	22	13	0	381	21	13	0	372	0	0	0	1	0	0	0	0	0	0	0	0	1	0	0	8
19:30:00	70200	12	15	0	378	11	15	0	368	0	0	0	1	0	0	0	0	0	0	0	0	1	0	0	9
19:35:00	70500	11	14	0	375	9	12	0	365	0	0	0	1	0	0	0	0	0	0	0	0	2	2	0	9
19:40:00	70800	9	17	0	367	7	14	0	358	0	0	0	1	1	1	0	0	0	0	0	0	1	2	0	8
19:45:00	71100	10	12	0	365	10	11	0	357	0	0	0	1	0	0	0	0	0	0	0	0	0	1	0	7
19:50:00	71400	11	9	0	367	11	9	0	359	0	0	0	1	0	0	0	0	0	0	0	0	0	0	0	7
19:55:00	71700	11	16	0	362	10	15	0	354	0	0	0	1	1	1	0	0	0	0	0	0	0	0	0	7
20:00:00	72000	7	14	0	355	6	14	0	346	0	0	0	1	0	0	0	0	0	0	0	0	1	0	0	8
20:05:00	72300	5	9	0	351	4	7	0	343	0	0	0	1	0	0	0	0	0	0	0	0	1	2	0	7
20:10:00	72600	3	7	0	347	3	7	0	339	0	0	0	1	0	0	0	0	0	0	0	0	0	0	0	7
20:15:00	72900	8	11	0	344	8	11	0	336	0	0	0	1	0	0	0	0	0	0	0	0	0	0	0	7
20:20:00	73200	7	10	0	341	7	9	0	334	0	1	0	0	0	0	0	0	0	0	0	0	0	0	0	7
20:25:00	73500	6	5	0	342	6	5	0	335	0	0	0	0	0	0	0	0	0	0	0	0	0	0	0	7
20:30:00	73800	6	8	0	340	6	8	0	333	0	0	0	0	0	0	0	0	0	0	0	0	0	0	0	7
20:35:00	74100	6	7	0	339	6	7	0	332	0	0	0	0	0	0	0	0	0	0	0	0	0	0	0	7
20:40:00	74400	3	4	0	338	3	4	0	331	0	0	0	0	0	0	0	0	0	0	0	0	0	0	0	7
20:45:00	74700	3	5	0	336	2	4	0	329	0	0	0	0	0	0	0	0	0	0	0	0	1	1	0	7
20:50:00	75000	4	6	0	334	3	4	0	328	0	0	0	0	0	0	0	0	0	0	0	0	1	2	0	6
20:55:00	75300	4	8	0	330	4	8	0	324	0	0	0	0	0	0	0	0	0	0	0	0	0	0	0	6
21:00:00	75600	2	4	0	328	2	3	0	323	0	0	0	0	0	0	0	0	0	0	0	0	0	1	0	5
21:05:00	75900	5	6	0	327	5	6	0	322	0	0	0	0	0	0	0	0	0	0	0	0	0	0	0	5
21:10:00	76200	5	8	0	324	5	8	0	319	0	0	0	0	0	0	0	0	0	0	0	0	0	0	0	5
21:15:00	76500	7	10	0	321	7	10	0	316	0	0	0	0	0	0	0	0	0	0	0	0	0	0	0	5
21:20:00	76800	1	3	0	319	1	3	0	314	0	0	0	0	0	0	0	0	0	0	0	0	0	0	0	5
21:25:00	77100	4	5	0	318	4	5	0	313	0	0	0	0	0	0	0	0	0	0	0	0	0	0	0	5
21:30:00	77400	2	2	0	318	2	2	0	313	0	0	0	0	0	0	0	0	0	0	0	0	0	0	0	5
21:35:00	77700	3	4	0	317	3	4	0	312	0	0	0	0	0	0	0	0	0	0	0	0	0	0	0	5
21:40:00	78000	0	2	0	315	0	1	0	311	0	0	0	0	0	0	0	0	0	0	0	0	0	1	0	4
21:45:00	78300	7	7	0	315	7	7	0	311	0	0	0	0	0	0	0	0	0	0	0	0	0	0	0	4
21:50:00	78600	3	6	0	312	3	6	0	308	0	0	0	0	0	0	0	0	0	0	0	0	0	0	0	4
21:55:00	78900	5	5	0	312	5	5	0	308	0	0	0	0	0	0	0	0	0	0	0	0	0	0	0	4
22:00:00	79200	5	7	0	310	4	5	0	307	0	0	0	0	1	1	0	0	0	0	0	0	0	1	0	3
22:05:00	79500	4	4	0	310	4	4	0	307	0	0	0	0	0	0	0	0	0	0	0	0	0	0	0	3
22:10:00	79800	5	5	0	310	5	5	0	307	0	0	0	0	0	0	0	0	0	0	0	0	0	0	0	3
22:15:00	80100	5	5	0	310	5	5	0	307	0	0	0	0	0	0	0	0	0	0	0	0	0	0	0	3
22:20:00	80400	2	3	0	309	2	3	0	306	0	0	0	0	0	0	0	0	0	0	0	0	0	0	0	3
22:25:00	80700	4	6	0	307	4	6	0	304	0	0	0	0	0	0	0	0	0	0	0	0	0	0	0	3
22:30:00	81000	2	2	0	307	2	2	0	304	0	0	0	0	0	0	0	0	0	0	0	0	0	0	0	3
22:35:00	81300	4	5	0	306	4	5	0	303	0	0	0	0	0	0	0	0	0	0	0	0	0	0	0	3
22:40:00	81600	0	0	0	306	0	0	0	303	0	0	0	0	0	0	0	0	0	0	0	0	0	0	0	3
22:45:00	81900	4	6	0	304	4	6	0	301	0	0	0	0	0	0	0	0	0	0	0	0	0	0	0	3
22:50:00	82200	7	8	0	303	7	8	0	300	0	0	0	0	0	0	0	0	0	0	0	0	0	0	0	3
22:55:00	82500	1	3	0	301	1	3	0	298	0	0	0	0	0	0	0	0	0	0	0	0	0	0	0	3
23:00:00	82800	5	7	0	299	5	6	0	297	0	0	0	0	0	0	0	0	0	0	0	0	0	1	0	2
23:05:00	83100	6	5	0	300	5	5	0	297	0	0	0	0	0	0	0	0	0	0	0	0	1	0	0	3
23:10:00	83400	3	3	0	300	3	3	0	297	0	0	0	0	0	0	0	0	0	0	0	0	0	0	0	3
23:15:00	83700	1	6	0	295	1	6	0	292	0	0	0	0	0	0	0	0	0	0	0	0	0	0	0	3
23:20:00	84000	0	3	0	292	0	3	0	289	0	0	0	0	0	0	0	0	0	0	0	0	0	0	0	3
23:25:00	84300	4	4	0	292	4	4	0	289	0	0	0	0	0	0	0	0	0	0	0	0	0	0	0	3
23:30:00	84600	7	8	0	291	7	8	0	288	0	0	0	0	0	0	0	0	0	0	0	0	0	0	0	3
23:35:00	84900	2	4	0	289	2	4	0	286	0	0	0	0	0	0	0	0	0	0	0	0	0	0	0	3
23:40:00	85200	2	5	0	286	2	5	0	283	0	0	0	0	0	0	0	0	0	0	0	0	0	0	0	3
23:45:00	85500	5	4	0	287	4	4	0	283	0	0	0	0	0	0	0	0	0	0	0	0	1	0	0	4
23:50:00	85800	2	5	0	284	1	3	0	281	0	0	0	0	0	0	0	0	0	0	0	0	1	2	0	3
23:55:00	86100	3	4	0	283	3	4	0	280	0	0	0	0	0	0	0	0	0	0	0	0	0	0	0	3
24:00:00	86400	5	5	0	283	5	5	0	280	0	0	0	0	0	0	0	0	0	0	0	0	0	0	0	3
24:05:00	86700	2	7	0	278	2	7	0	275	0	0	0	0	0	0	0	0	0	0	0	0	0	0	0	3
24:10:00	87000	3	4	0	277	3	4	0	274	0	0	0	0	0	0	0	0	0	0	0	0	0	0	0	3
24:15:00	87300	1	2	0	276	1	2	0	273	0	0	0	0	0	0	0	0	0	0	0	0	0	0	0	3
24:20:00	87600	5	7	0	274	5	7	0	271	0	0	0	0	0	0	0	0	0	0	0	0	0	0	0	3
24:25:00	87900	3	5	0	272	3	5	0	269	0	0	0	0	0	0	0	0	0	0	0	0	0	0	0	3
24:30:00	88200	2	4	0	270	2	4	0	267	0	0	0	0	0	0	0	0	0	0	0	0	0	0	0	3
24:35:00	88500	2	7	0	265	2	7	0	262	0	0	0	0	0	0	0	0	0	0	0	0	0	0	0	3
24:40:00	88800	4	5	0	264	4	5	0	261	0	0	0	0	0	0	0	0	0	0	0	0	0	0	0	3
24:45:00	89100	3	5	0	262	3	5	0	259	0	0	0	0	0	0	0	0	0	0	0	0	0	0	0	3
24:50:00	89400	5	5	0	262	5	5	0	259	0	0	0	0	0	0	0	0	0	0	0	0	0	0	0	3
24:55:00	89700	3	4	0	261	3	4	0	258	0	0	0	0	0	0	0	0	0	0	0	0	0	0	0	3
25:00:00	90000	2	3	0	260	2	3	0	257	0	0	0	0	0	0	0	0	0	0	0	0	0	0	0	3
25:05:00	90300	3	6	0	257	3	6	0	254	0	0	0	0	0	0	0	0	0	0	0	0	0	0	0	3
25:10:00	90600	3	4	0	256	3	4	0	253	0	0	0	0	0	0	0	0	0	0	0	0	0	0	0	3
25:15:00	90900	3	4	0	255	3	4	0	252	0	0	0	0	0	0	0	0	0	0	0	0	0	0	0	3
25:20:00	91200	2	3	0	254	0	1	0	251	0	0	0	0	1	1	0	0	0	0	0	0	1	1	0	3
25:25:00	91500	4	6	1	251	3	5	0	249	0	0	0	0	0	0	0	0	1	0	1	0	0	1	0	2
25:30:00	91800	4	8	0	247	4	8	0	245	0	0	0	0	0	0	0	0	0	0	0	0	0	0	0	2
25:35:00	92100	5	5	0	247	5	5	0	245	0	0	0	0	0	0	0	0	0	0	0	0	0	0	0	2
25:40:00	92400	6	7	0	246	6	7	0	244	0	0	0	0	0	0	0	0	0	0	0	0	0	0	0	2
25:45:00	92700	4	5	0	245	4	5	0	243	0	0	0	0	0	0	0	0	0	0	0	0	0	0	0	2
25:50:00	93000	4	4	0	245	4	4	0	243	0	0	0	0	0	0	0	0	0	0	0	0	0	0	0	2
25:55:00	93300	2	4	0	243	2	4	0	241	0	0	0	0	0	0	0	0	0	0	0	0	0	0	0	2
26:00:00	93600	2	3	0	242	2	3	0	240	0	0	0	0	0	0	0	0	0	0	0	0	0	0	0	2
26:05:00	93900	5	7	0	240	5	7	0	238	0	0	0	0	0	0	0	0	0	0	0	0	0	0	0	2
26:10:00	94200	4	4	0	240	4	4	0	238	0	0	0	0	0	0	0	0	0	0	0	0	0	0	0	2
26:15:00	94500	1	2	0	239	1	2	0	237	0	0	0	0	0	0	0	0	0	0	0	0	0	0	0	2
26:20:00	94800	6	6	0	239	6	6	0	237	0	0	0	0	0	0	0	0	0	0	0	0	0	0	0	2
26:25:00	95100	2	4	0	237	2	4	0	235	0	0	0	0	0	0	0	0	0	0	0	0	0	0	0	2
26:30:00	95400	5	7	0	235	5	6	0	234	0	0	0	0	0	0	0	0	0	0	0	0	0	1	0	1
26:35:00	95700	1	3	0	233	1	3	0	232	0	0	0	0	0	0	0	0	0	0	0	0	0	0	0	1
26:40:00	96000	5	7	0	231	5	7	0	230	0	0	0	0	0	0	0	0	0	0	0	0	0	0	0	1
26:45:00	96300	3	5	0	229	3	5	0	228	0	0	0	0	0	0	0	0	0	0	0	0	0	0	0	1
26:50:00	96600	6	7	0	228	6	7	0	227	0	0	0	0	0	0	0	0	0	0	0	0	0	0	0	1
26:55:00	96900	2	4	0	226	2	4	0	225	0	0	0	0	0	0	0	0	0	0	0	0	0	0	0	1
27:00:00	97200	2	4	0	224	2	4	0	223	0	0	0	0	0	0	0	0	0	0	0	0	0	0	0	1
27:05:00	97500	2	5	0	221	2	5	0	220	0	0	0	0	0	0	0	0	0	0	0	0	0	0	0	1
27:10:00	97800	2	4	0	219	2	4	0	218	0	0	0	0	0	0	0	0	0	0	0	0	0	0	0	1
27:15:00	98100	2	4	0	217	2	4	0	216	0	0	0	0	0	0	0	0	0	0	0	0	0	0	0	1
27:20:00	98400	1	2	0	216	1	2	0	215	0	0	0	0	0	0	0	0	0	0	0	0	0	0	0	1
27:25:00	98700	3	3	0	216	3	3	0	215	0	0	0	0	0	0	0	0	0	0	0	0	0	0	0	1
27:30:00	99000	4	4	0	216	4	4	0	215	0	0	0	0	0	0	0	0	0	0	0	0	0	0	0	1
27:35:00	99300	3	3	0	216	3	3	0	215	0	0	0	0	0	0	0	0	0	0	0	0	0	0	0	1
27:40:00	99600	5	5	0	216	5	5	0	215	0	0	0	0	0	0	0	0	0	0	0	0	0	0	0	1
27:45:00	99900	3	4	0	215	3	4	0	214	0	0	0	0	0	0	0	0	0	0	0	0	0	0	0	1
27:50:00	100200	4	4	0	215	4	4	0	214	0	0	0	0	0	0	0	0	0	0	0	0	0	0	0	1
27:55:00	100500	2	4	0	213	2	4	0	212	0	0	0	0	0	0	0	0	0	0	0	0	0	0	0	1
28:00:00	100800	5	7	0	211	5	7	0	210	0	0	0	0	0	0	0	0	0	0	0	0	0	0	0	1
28:05:00	101100	3	4	0	210	3	4	0	209	0	0	0	0	0	0	0	0	0	0	0	0	0	0	0	1
28:10:00	101400	3	4	0	209	3	4	0	208	0	0	0	0	0	0	0	0	0	0	0	0	0	0	0	1
28:15:00	101700	2	5	0	206	2	5	0	205	0	0	0	0	0	0	0	0	0	0	0	0	0	0	0	1
28:20:00	102000	3	5	0	204	3	5	0	203	0	0	0	0	0	0	0	0	0	0	0	0	0	0	0	1
28:25:00	102300	3	5	0	202	3	5	0	201	0	0	0	0	0	0	0	0	0	0	0	0	0	0	0	1
28:30:00	102600	4	4	0	202	3	4	0	200	0	0	0	0	0	0	0	0	0	0	0	0	1	0	0	2
28:35:00	102900	2	2	0	202	2	2	0	200	0	0	0	0	0	0	0	0	0	0	0	0	0	0	0	2
28:40:00	103200	4	7	0	199	4	7	0	197	0	0	0	0	0	0	0	0	0	0	0	0	0	0	0	2
28:45:00	103500	2	2	0	199	2	2	0	197	0	0	0	0	0	0	0	0	0	0	0	0	0	0	0	2
28:50:00	103800	2	3	0	198	2	3	0	196	0	0	0	0	0	0	0	0	0	0	0	0	0	0	0	2
28:55:00	104100	2	2	0	198	2	2	0	196	0	0	0	0	0	0	0	0	0	0	0	0	0	0	0	2
29:00:00	104400	3	4	0	197	3	4	0	195	0	0	0	0	0	0	0	0	0	0	0	0	0	0	0	2
29:05:00	104700	6	9	0	194	6	9	0	192	0	0	0	0	0	0	0	0	0	0	0	0	0	0	0	2
29:10:00	105000	4	5	0	193	4	5	0	191	0	0	0	0	0	0	0	0	0	0	0	0	0	0	0	2
29:15:00	105300	2	2	0	193	2	2	0	191	0	0	0	0	0	0	0	0	0	0	0	0	0	0	0	2
29:20:00	105600	2	3	0	192	2	3	0	190	0	0	0	0	0	0	0	0	0	0	0	0	0	0	0	2
29:25:00	105900	2	6	0	188	2	6	0	186	0	0	0	0	0	0	0	0	0	0	0	0	0	0	0	2
29:30:00	106200	4	5	0	187	4	5	0	185	0	0	0	0	0	0	0	0	0	0	0	0	0	0	0	2
29:35:00	106500	1	1	0	187	1	1	0	185	0	0	0	0	0	0	0	0	0	0	0	0	0	0	0	2
29:40:00	106800	2	3	0	186	2	3	0	184	0	0	0	0	0	0	0	0	0	0	0	0	0	0	0	2
29:45:00	107100	2	3	0	185	2	2	0	184	0	0	0	0	0	0	0	0	0	0	0	0	0	1	0	1
29:50:00	107400	2	5	0	182	2	5	0	181	0	0	0	0	0	0	0	0	0	0	0	0	0	0	0	1
29:55:00	107700	0	1	0	181	0	1	0	180	0	0	0	0	0	0	0	0	0	0	0	0	0	0	0	1
30:00:00	108000	0	0	181	0	0	0	180	0	0	0	0	0	0	0	0	0	0	0	0	0	0	0	1	0
30:05:00	108300	0	0	0	0	0	0	0	0	0	0	0	0	0	0	0	0	0	0	0	0	0	0	0	0
