time	time	departures_all	arrivals_all	stuck_all	en-route_all	departures_bike	arrivals_bike	stuck_bike	en-route_bike	departures_car	arrivals_car	stuck_car	en-route_car	departures_car_passenger	arrivals_car_passenger	stuck_car_passenger	en-route_car_passenger	departures_pt	arrivals_pt	stuck_pt	en-route_pt	departures_walk	arrivals_walk	stuck_walk	en-route_walk
00:00:00	0	0	0	0	0	0	0	0	0	0	0	0	0	0	0	0	0	0	0	0	0	0	0	0	0
00:05:00	300	0	0	0	0	0	0	0	0	0	0	0	0	0	0	0	0	0	0	0	0	0	0	0	0
00:10:00	600	0	0	0	0	0	0	0	0	0	0	0	0	0	0	0	0	0	0	0	0	0	0	0	0
00:15:00	900	0	0	0	0	0	0	0	0	0	0	0	0	0	0	0	0	0	0	0	0	0	0	0	0
00:20:00	1200	0	0	0	0	0	0	0	0	0	0	0	0	0	0	0	0	0	0	0	0	0	0	0	0
00:25:00	1500	0	0	0	0	0	0	0	0	0	0	0	0	0	0	0	0	0	0	0	0	0	0	0	0
00:30:00	1800	0	0	0	0	0	0	0	0	0	0	0	0	0	0	0	0	0	0	0	0	0	0	0	0
00:35:00	2100	0	0	0	0	0	0	0	0	0	0	0	0	0	0	0	0	0	0	0	0	0	0	0	0
00:40:00	2400	0	0	0	0	0	0	0	0	0	0	0	0	0	0	0	0	0	0	0	0	0	0	0	0
00:45:00	2700	0	0	0	0	0	0	0	0	0	0	0	0	0	0	0	0	0	0	0	0	0	0	0	0
00:50:00	3000	0	0	0	0	0	0	0	0	0	0	0	0	0	0	0	0	0	0	0	0	0	0	0	0
00:55:00	3300	0	0	0	0	0	0	0	0	0	0	0	0	0	0	0	0	0	0	0	0	0	0	0	0
01:00:00	3600	0	0	0	0	0	0	0	0	0	0	0	0	0	0	0	0	0	0	0	0	0	0	0	0
01:05:00	3900	0	0	0	0	0	0	0	0	0	0	0	0	0	0	0	0	0	0	0	0	0	0	0	0
01:10:00	4200	0	0	0	0	0	0	0	0	0	0	0	0	0	0	0	0	0	0	0	0	0	0	0	0
01:15:00	4500	0	0	0	0	0	0	0	0	0	0	0	0	0	0	0	0	0	0	0	0	0	0	0	0
01:20:00	4800	0	0	0	0	0	0	0	0	0	0	0	0	0	0	0	0	0	0	0	0	0	0	0	0
01:25:00	5100	0	0	0	0	0	0	0	0	0	0	0	0	0	0	0	0	0	0	0	0	0	0	0	0
01:30:00	5400	0	0	0	0	0	0	0	0	0	0	0	0	0	0	0	0	0	0	0	0	0	0	0	0
01:35:00	5700	0	0	0	0	0	0	0	0	0	0	0	0	0	0	0	0	0	0	0	0	0	0	0	0
01:40:00	6000	0	0	0	0	0	0	0	0	0	0	0	0	0	0	0	0	0	0	0	0	0	0	0	0
01:45:00	6300	0	0	0	0	0	0	0	0	0	0	0	0	0	0	0	0	0	0	0	0	0	0	0	0
01:50:00	6600	0	0	0	0	0	0	0	0	0	0	0	0	0	0	0	0	0	0	0	0	0	0	0	0
01:55:00	6900	0	0	0	0	0	0	0	0	0	0	0	0	0	0	0	0	0	0	0	0	0	0	0	0
02:00:00	7200	0	0	0	0	0	0	0	0	0	0	0	0	0	0	0	0	0	0	0	0	0	0	0	0
02:05:00	7500	0	0	0	0	0	0	0	0	0	0	0	0	0	0	0	0	0	0	0	0	0	0	0	0
02:10:00	7800	0	0	0	0	0	0	0	0	0	0	0	0	0	0	0	0	0	0	0	0	0	0	0	0
02:15:00	8100	0	0	0	0	0	0	0	0	0	0	0	0	0	0	0	0	0	0	0	0	0	0	0	0
02:20:00	8400	0	0	0	0	0	0	0	0	0	0	0	0	0	0	0	0	0	0	0	0	0	0	0	0
02:25:00	8700	0	0	0	0	0	0	0	0	0	0	0	0	0	0	0	0	0	0	0	0	0	0	0	0
02:30:00	9000	0	0	0	0	0	0	0	0	0	0	0	0	0	0	0	0	0	0	0	0	0	0	0	0
02:35:00	9300	0	0	0	0	0	0	0	0	0	0	0	0	0	0	0	0	0	0	0	0	0	0	0	0
02:40:00	9600	0	0	0	0	0	0	0	0	0	0	0	0	0	0	0	0	0	0	0	0	0	0	0	0
02:45:00	9900	0	0	0	0	0	0	0	0	0	0	0	0	0	0	0	0	0	0	0	0	0	0	0	0
02:50:00	10200	0	0	0	0	0	0	0	0	0	0	0	0	0	0	0	0	0	0	0	0	0	0	0	0
02:55:00	10500	0	0	0	0	0	0	0	0	0	0	0	0	0	0	0	0	0	0	0	0	0	0	0	0
03:00:00	10800	0	0	0	0	0	0	0	0	0	0	0	0	0	0	0	0	0	0	0	0	0	0	0	0
03:05:00	11100	0	0	0	0	0	0	0	0	0	0	0	0	0	0	0	0	0	0	0	0	0	0	0	0
03:10:00	11400	0	0	0	0	0	0	0	0	0	0	0	0	0	0	0	0	0	0	0	0	0	0	0	0
03:15:00	11700	0	0	0	0	0	0	0	0	0	0	0	0	0	0	0	0	0	0	0	0	0	0	0	0
03:20:00	12000	0	0	0	0	0	0	0	0	0	0	0	0	0	0	0	0	0	0	0	0	0	0	0	0
03:25:00	12300	0	0	0	0	0	0	0	0	0	0	0	0	0	0	0	0	0	0	0	0	0	0	0	0
03:30:00	12600	0	0	0	0	0	0	0	0	0	0	0	0	0	0	0	0	0	0	0	0	0	0	0	0
03:35:00	12900	0	0	0	0	0	0	0	0	0	0	0	0	0	0	0	0	0	0	0	0	0	0	0	0
03:40:00	13200	0	0	0	0	0	0	0	0	0	0	0	0	0	0	0	0	0	0	0	0	0	0	0	0
03:45:00	13500	0	0	0	0	0	0	0	0	0	0	0	0	0	0	0	0	0	0	0	0	0	0	0	0
03:50:00	13800	0	0	0	0	0	0	0	0	0	0	0	0	0	0	0	0	0	0	0	0	0	0	0	0
03:55:00	14100	0	0	0	0	0	0	0	0	0	0	0	0	0	0	0	0	0	0	0	0	0	0	0	0
04:00:00	14400	0	0	0	0	0	0	0	0	0	0	0	0	0	0	0	0	0	0	0	0	0	0	0	0
04:05:00	14700	0	0	0	0	0	0	0	0	0	0	0	0	0	0	0	0	0	0	0	0	0	0	0	0
04:10:00	15000	0	0	0	0	0	0	0	0	0	0	0	0	0	0	0	0	0	0	0	0	0	0	0	0
04:15:00	15300	0	0	0	0	0	0	0	0	0	0	0	0	0	0	0	0	0	0	0	0	0	0	0	0
04:20:00	15600	0	0	0	0	0	0	0	0	0	0	0	0	0	0	0	0	0	0	0	0	0	0	0	0
04:25:00	15900	0	0	0	0	0	0	0	0	0	0	0	0	0	0	0	0	0	0	0	0	0	0	0	0
04:30:00	16200	0	0	0	0	0	0	0	0	0	0	0	0	0	0	0	0	0	0	0	0	0	0	0	0
04:35:00	16500	0	0	0	0	0	0	0	0	0	0	0	0	0	0	0	0	0	0	0	0	0	0	0	0
04:40:00	16800	0	0	0	0	0	0	0	0	0	0	0	0	0	0	0	0	0	0	0	0	0	0	0	0
04:45:00	17100	0	0	0	0	0	0	0	0	0	0	0	0	0	0	0	0	0	0	0	0	0	0	0	0
04:50:00	17400	0	0	0	0	0	0	0	0	0	0	0	0	0	0	0	0	0	0	0	0	0	0	0	0
04:55:00	17700	0	0	0	0	0	0	0	0	0	0	0	0	0	0	0	0	0	0	0	0	0	0	0	0
05:00:00	18000	0	0	0	0	0	0	0	0	0	0	0	0	0	0	0	0	0	0	0	0	0	0	0	0
05:05:00	18300	0	0	0	0	0	0	0	0	0	0	0	0	0	0	0	0	0	0	0	0	0	0	0	0
05:10:00	18600	0	0	0	0	0	0	0	0	0	0	0	0	0	0	0	0	0	0	0	0	0	0	0	0
05:15:00	18900	0	0	0	0	0	0	0	0	0	0	0	0	0	0	0	0	0	0	0	0	0	0	0	0
05:20:00	19200	0	0	0	0	0	0	0	0	0	0	0	0	0	0	0	0	0	0	0	0	0	0	0	0
05:25:00	19500	0	0	0	0	0	0	0	0	0	0	0	0	0	0	0	0	0	0	0	0	0	0	0	0
05:30:00	19800	0	0	0	0	0	0	0	0	0	0	0	0	0	0	0	0	0	0	0	0	0	0	0	0
05:35:00	20100	0	0	0	0	0	0	0	0	0	0	0	0	0	0	0	0	0	0	0	0	0	0	0	0
05:40:00	20400	0	0	0	0	0	0	0	0	0	0	0	0	0	0	0	0	0	0	0	0	0	0	0	0
05:45:00	20700	0	0	0	0	0	0	0	0	0	0	0	0	0	0	0	0	0	0	0	0	0	0	0	0
05:50:00	21000	0	0	0	0	0	0	0	0	0	0	0	0	0	0	0	0	0	0	0	0	0	0	0	0
05:55:00	21300	0	0	0	0	0	0	0	0	0	0	0	0	0	0	0	0	0	0	0	0	0	0	0	0
06:00:00	21600	4	0	0	4	0	0	0	0	4	0	0	4	0	0	0	0	0	0	0	0	0	0	0	0
06:05:00	21900	4	1	0	7	0	0	0	0	4	1	0	7	0	0	0	0	0	0	0	0	0	0	0	0
06:10:00	22200	3	1	0	9	0	0	0	0	3	1	0	9	0	0	0	0	0	0	0	0	0	0	0	0
06:15:00	22500	1	3	0	7	0	0	0	0	1	3	0	7	0	0	0	0	0	0	0	0	0	0	0	0
06:20:00	22800	4	1	0	10	0	0	0	0	4	1	0	10	0	0	0	0	0	0	0	0	0	0	0	0
06:25:00	23100	6	3	0	13	0	0	0	0	6	3	0	13	0	0	0	0	0	0	0	0	0	0	0	0
06:30:00	23400	42	3	0	52	0	0	0	0	40	3	0	50	0	0	0	0	0	0	0	0	2	0	0	2
06:35:00	23700	37	17	0	72	0	0	0	0	36	16	0	70	0	0	0	0	0	0	0	0	1	1	0	2
06:40:00	24000	33	13	0	92	0	0	0	0	33	12	0	91	0	0	0	0	0	0	0	0	0	1	0	1
06:45:00	24300	31	11	0	112	0	0	0	0	31	11	0	111	0	0	0	0	0	0	0	0	0	0	0	1
06:50:00	24600	39	27	0	124	0	0	0	0	34	26	0	119	0	0	0	0	0	0	0	0	5	1	0	5
06:55:00	24900	75	25	0	174	0	0	0	0	68	24	0	163	0	0	0	0	0	0	0	0	7	1	0	11
07:00:00	25200	63	29	0	208	0	0	0	0	56	28	0	191	0	0	0	0	0	0	0	0	7	1	0	17
07:05:00	25500	57	24	0	241	0	0	0	0	45	21	0	215	0	0	0	0	0	0	0	0	12	3	0	26
07:10:00	25800	61	42	0	260	0	0	0	0	52	32	0	235	0	0	0	0	2	0	0	2	7	10	0	23
07:15:00	26100	84	45	0	299	0	0	0	0	73	39	0	269	0	0	0	0	0	0	0	2	11	6	0	28
07:20:00	26400	73	49	0	323	0	0	0	0	67	45	0	291	0	0	0	0	1	0	0	3	5	4	0	29
07:25:00	26700	103	45	0	381	0	0	0	0	86	36	0	341	0	0	0	0	4	0	0	7	13	9	0	33
07:30:00	27000	67	49	0	399	0	0	0	0	58	43	0	356	0	0	0	0	1	3	0	5	8	3	0	38
07:35:00	27300	80	55	0	424	0	0	0	0	66	50	0	372	0	0	0	0	1	0	0	6	13	5	0	46
07:40:00	27600	82	53	0	453	0	0	0	0	75	44	0	403	0	0	0	0	0	0	0	6	7	9	0	44
07:45:00	27900	87	79	0	461	0	0	0	0	75	71	0	407	0	0	0	0	3	0	0	9	9	8	0	45
07:50:00	28200	96	55	0	502	0	0	0	0	92	45	0	454	0	0	0	0	2	2	0	9	2	8	0	39
07:55:00	28500	91	68	0	525	0	0	0	0	76	57	0	473	12	1	0	11	2	0	0	11	1	10	0	30
08:00:00	28800	98	66	0	557	0	0	0	0	74	56	0	491	24	8	0	27	0	0	0	11	0	2	0	28
08:05:00	29100	98	81	0	574	0	0	0	0	81	67	0	505	17	11	0	33	0	0	0	11	0	3	0	25
08:10:00	29400	119	77	0	616	0	0	0	0	88	59	0	534	26	13	0	46	2	3	0	10	3	2	0	26
08:15:00	29700	77	80	0	613	0	0	0	0	62	56	0	540	14	17	0	43	0	0	0	10	1	7	0	20
08:20:00	30000	100	66	0	647	0	0	0	0	84	48	0	576	16	18	0	41	0	0	0	10	0	0	0	20
08:25:00	30300	94	73	0	668	0	0	0	0	74	62	0	588	20	11	0	50	0	0	0	10	0	0	0	20
08:30:00	30600	84	77	0	675	0	0	0	0	61	59	0	590	21	14	0	57	1	1	0	10	1	3	0	18
08:35:00	30900	61	74	0	662	0	0	0	0	52	54	0	588	8	20	0	45	0	0	0	10	1	0	0	19
08:40:00	31200	71	63	0	670	0	0	0	0	46	45	0	589	24	16	0	53	1	0	0	11	0	2	0	17
08:45:00	31500	99	77	0	692	0	0	0	0	60	54	0	595	39	22	0	70	0	0	0	11	0	1	0	16
08:50:00	31800	61	60	0	693	0	0	0	0	48	43	0	600	13	17	0	66	0	0	0	11	0	0	0	16
08:55:00	32100	70	74	0	689	0	0	0	0	52	52	0	600	18	22	0	62	0	0	0	11	0	0	0	16
09:00:00	32400	68	62	0	695	0	0	0	0	58	48	0	610	4	11	0	55	1	0	0	12	5	3	0	18
09:05:00	32700	52	66	0	681	0	0	0	0	40	45	0	605	6	16	0	45	0	0	0	12	6	5	0	19
09:10:00	33000	52	64	0	669	0	0	0	0	45	45	0	605	3	14	0	34	0	0	0	12	4	5	0	18
09:15:00	33300	53	59	0	663	0	0	0	0	47	48	0	604	2	9	0	27	0	0	0	12	4	2	0	20
09:20:00	33600	35	56	0	642	0	0	0	0	30	45	0	589	2	9	0	20	0	0	0	12	3	2	0	21
09:25:00	33900	47	53	0	636	0	0	0	0	32	42	0	579	4	3	0	21	0	1	0	11	11	7	0	25
09:30:00	34200	53	53	0	636	0	0	0	0	39	38	0	580	1	6	0	16	0	3	0	8	13	6	0	32
09:35:00	34500	50	65	0	621	0	0	0	0	39	56	0	563	8	5	0	19	0	0	0	8	3	4	0	31
09:40:00	34800	40	53	0	608	0	0	0	0	30	41	0	552	2	5	0	16	0	1	0	7	8	6	0	33
09:45:00	35100	44	70	0	582	0	0	0	0	30	49	0	533	0	6	0	10	0	0	0	7	14	15	0	32
09:50:00	35400	45	52	0	575	0	0	0	0	38	37	0	534	0	6	0	4	0	0	0	7	7	9	0	30
09:55:00	35700	48	53	0	570	0	0	0	0	41	43	0	532	0	1	0	3	0	0	0	7	7	9	0	28
10:00:00	36000	68	63	0	575	0	0	0	0	38	46	0	524	0	2	0	1	0	1	0	6	30	14	0	44
10:05:00	36300	65	69	0	571	0	0	0	0	44	56	0	512	0	0	0	1	0	0	0	6	21	13	0	52
10:10:00	36600	82	67	0	586	0	0	0	0	46	41	0	517	0	1	0	0	0	0	0	6	36	25	0	63
10:15:00	36900	62	66	0	582	0	0	0	0	29	41	0	505	0	0	0	0	0	1	0	5	33	24	0	72
10:20:00	37200	65	68	0	579	0	0	0	0	28	40	0	493	0	0	0	0	0	0	0	5	37	28	0	81
10:25:00	37500	66	72	0	573	0	0	0	0	34	47	0	480	0	0	0	0	0	0	0	5	32	25	0	88
10:30:00	37800	59	74	0	558	0	0	0	0	22	39	0	463	0	0	0	0	1	1	0	5	36	34	0	90
10:35:00	38100	44	65	0	537	0	0	0	0	20	36	0	447	2	1	0	1	0	0	0	5	22	28	0	84
10:40:00	38400	55	66	0	526	0	0	0	0	19	33	0	433	1	1	0	1	0	0	0	5	35	32	0	87
10:45:00	38700	68	71	0	523	0	0	0	0	29	40	0	422	3	0	0	4	0	0	0	5	36	31	0	92
10:50:00	39000	53	64	0	512	0	0	0	0	20	28	0	414	0	3	0	1	1	1	0	5	32	32	0	92
10:55:00	39300	40	59	0	493	0	0	0	0	11	24	0	401	2	0	0	3	0	0	0	5	27	35	0	84
11:00:00	39600	50	49	0	494	0	0	0	0	12	21	0	392	4	1	0	6	1	1	0	5	33	26	0	91
11:05:00	39900	66	63	0	497	0	0	0	0	39	33	0	398	1	1	0	6	0	0	0	5	26	29	0	88
11:10:00	40200	61	50	0	508	0	0	0	0	29	20	0	407	2	2	0	6	0	0	0	5	30	28	0	90
11:15:00	40500	58	52	0	514	0	0	0	0	31	24	0	414	10	2	0	14	0	0	0	5	17	26	0	81
11:20:00	40800	57	54	0	517	0	0	0	0	24	24	0	414	2	2	0	14	0	0	0	5	31	28	0	84
11:25:00	41100	66	66	0	517	0	0	0	0	29	31	0	412	3	5	0	12	0	0	0	5	34	30	0	88
11:30:00	41400	54	51	0	520	0	0	0	0	23	19	0	416	1	3	0	10	0	0	0	5	30	29	0	89
11:35:00	41700	74	62	0	532	0	0	0	0	45	28	0	433	3	4	0	9	0	0	0	5	26	30	0	85
11:40:00	42000	60	49	0	543	0	0	0	0	33	18	0	448	0	3	0	6	0	1	0	4	27	27	0	85
11:45:00	42300	63	71	0	535	0	0	0	0	28	33	0	443	3	5	0	4	0	0	0	4	32	33	0	84
11:50:00	42600	78	51	0	562	0	0	0	0	44	22	0	465	5	1	0	8	0	0	0	4	29	28	0	85
11:55:00	42900	83	77	0	568	0	0	0	0	55	42	0	478	1	1	0	8	0	0	0	4	27	34	0	78
12:00:00	43200	71	57	0	582	0	0	0	0	66	38	0	506	2	3	0	7	0	0	0	4	3	16	0	65
12:05:00	43500	59	43	0	598	0	0	0	0	50	33	0	523	8	4	0	11	0	0	0	4	1	6	0	60
12:10:00	43800	52	45	0	605	0	0	0	0	48	36	0	535	2	0	0	13	0	0	0	4	2	9	0	53
12:15:00	44100	45	51	0	599	0	0	0	0	40	40	0	535	1	3	0	11	0	1	0	3	4	7	0	50
12:20:00	44400	41	42	0	598	0	0	0	0	40	32	0	543	0	4	0	7	0	0	0	3	1	6	0	45
12:25:00	44700	52	43	0	607	0	0	0	0	49	32	0	560	0	2	0	5	0	0	0	3	3	9	0	39
12:30:00	45000	41	40	0	608	0	0	0	0	40	30	0	570	0	1	0	4	0	0	0	3	1	9	0	31
12:35:00	45300	20	39	0	589	0	0	0	0	17	30	0	557	0	2	0	2	0	0	0	3	3	7	0	27
12:40:00	45600	30	24	0	595	0	0	0	0	30	19	0	568	0	1	0	1	0	0	0	3	0	4	0	23
12:45:00	45900	45	29	0	611	0	0	0	0	44	21	0	591	0	0	0	1	0	1	0	2	1	7	0	17
12:50:00	46200	27	39	0	599	0	0	0	0	26	37	0	580	0	1	0	0	0	0	0	2	1	1	0	17
12:55:00	46500	31	30	0	600	0	0	0	0	30	28	0	582	0	0	0	0	0	0	0	2	1	2	0	16
13:00:00	46800	8	38	0	570	0	0	0	0	6	34	0	554	0	0	0	0	1	0	0	3	1	4	0	13
13:05:00	47100	5	26	0	549	0	0	0	0	5	26	0	533	0	0	0	0	0	0	0	3	0	0	0	13
13:10:00	47400	2	22	0	529	0	0	0	0	2	21	0	514	0	0	0	0	0	0	0	3	0	1	0	12
13:15:00	47700	14	26	0	517	0	0	0	0	14	25	0	503	0	0	0	0	0	0	0	3	0	1	0	11
13:20:00	48000	11	17	0	511	0	0	0	0	11	16	0	498	0	0	0	0	0	0	0	3	0	1	0	10
13:25:00	48300	13	21	0	503	0	0	0	0	12	20	0	490	0	0	0	0	0	0	0	3	1	1	0	10
13:30:00	48600	44	26	0	521	0	0	0	0	38	24	0	504	1	0	0	1	0	0	0	3	5	2	0	13
13:35:00	48900	48	32	0	537	0	0	0	0	33	28	0	509	5	0	0	6	0	0	0	3	10	4	0	19
13:40:00	49200	30	37	0	530	0	0	0	0	21	31	0	499	5	2	0	9	0	0	0	3	4	4	0	19
13:45:00	49500	35	20	0	545	0	0	0	0	26	17	0	508	2	3	0	8	0	0	0	3	7	0	0	26
13:50:00	49800	72	35	0	582	0	0	0	0	48	26	0	530	15	7	0	16	1	0	0	4	8	2	0	32
13:55:00	50100	81	47	0	616	0	0	0	0	63	39	0	554	12	5	0	23	0	0	0	4	6	3	0	35
14:00:00	50400	71	54	0	633	0	0	0	0	52	34	0	572	3	11	0	15	0	0	0	4	16	9	0	42
14:05:00	50700	71	59	0	645	0	0	0	0	34	33	0	573	9	5	0	19	0	0	0	4	28	21	0	49
14:10:00	51000	67	48	0	664	0	0	0	0	45	26	0	592	14	12	0	21	1	0	0	5	7	10	0	46
14:15:00	51300	49	53	0	660	0	0	0	0	32	37	0	587	8	8	0	21	0	0	0	5	9	8	0	47
14:20:00	51600	65	49	0	676	0	0	0	0	41	34	0	594	14	8	0	27	0	0	0	5	10	7	0	50
14:25:00	51900	60	56	0	680	0	0	0	0	36	40	0	590	16	13	0	30	0	0	0	5	8	3	0	55
14:30:00	52200	35	45	0	670	0	0	0	0	14	27	0	577	12	12	0	30	0	1	0	4	9	5	0	59
14:35:00	52500	75	50	0	695	0	0	0	0	46	29	0	594	4	11	0	23	0	0	0	4	25	10	0	74
14:40:00	52800	61	69	0	687	0	0	0	0	40	37	0	597	8	9	0	22	0	1	0	3	13	22	0	65
14:45:00	53100	47	51	0	683	0	0	0	0	32	32	0	597	9	13	0	18	0	1	0	2	6	5	0	66
14:50:00	53400	54	59	0	678	0	0	0	0	31	37	0	591	3	6	0	15	0	0	0	2	20	16	0	70
14:55:00	53700	41	56	0	663	0	0	0	0	19	36	0	574	8	4	0	19	0	0	0	2	14	16	0	68
15:00:00	54000	43	60	0	646	0	0	0	0	22	38	0	558	4	11	0	12	0	0	0	2	17	11	0	74
15:05:00	54300	49	53	0	642	0	0	0	0	29	40	0	547	0	2	0	10	0	0	0	2	20	11	0	83
15:10:00	54600	52	52	0	642	0	0	0	0	32	29	0	550	0	4	0	6	0	0	0	2	20	19	0	84
15:15:00	54900	54	51	0	645	0	0	0	0	35	32	0	553	1	2	0	5	1	0	0	3	17	17	0	84
15:20:00	55200	52	55	0	642	0	0	0	0	37	34	0	556	1	1	0	5	1	0	0	4	13	20	0	77
15:25:00	55500	53	62	0	633	0	0	0	0	34	42	0	548	0	0	0	5	2	0	0	6	17	20	0	74
15:30:00	55800	76	53	0	656	0	0	0	0	44	35	0	557	0	1	0	4	0	0	0	6	32	17	0	89
15:35:00	56100	99	63	0	692	0	0	0	0	52	39	0	570	0	0	0	4	3	0	0	9	44	24	0	109
15:40:00	56400	99	71	0	720	0	0	0	0	51	30	0	591	0	1	0	3	0	0	0	9	48	40	0	117
15:45:00	56700	77	88	0	709	0	0	0	0	41	60	0	572	0	1	0	2	3	0	0	12	33	27	0	123
15:50:00	57000	82	77	0	714	0	0	0	0	44	40	0	576	0	0	0	2	1	0	0	13	37	37	0	123
15:55:00	57300	64	62	0	716	0	0	0	0	26	37	0	565	0	0	0	2	2	0	0	15	36	25	0	134
16:00:00	57600	93	86	0	723	0	0	0	0	36	48	0	553	21	2	0	21	1	5	0	11	35	31	0	138
16:05:00	57900	82	73	0	732	0	0	0	0	34	33	0	554	19	9	0	31	0	1	0	10	29	30	0	137
16:10:00	58200	70	92	0	710	0	0	0	0	19	42	0	531	18	14	0	35	1	1	0	10	32	35	0	134
16:15:00	58500	77	80	0	707	0	0	0	0	25	41	0	515	16	12	0	39	1	0	0	11	35	27	0	142
16:20:00	58800	90	88	0	709	0	0	0	0	45	39	0	521	17	14	0	42	1	1	0	11	27	34	0	135
16:25:00	59100	93	72	0	730	0	0	0	0	42	28	0	535	27	19	0	50	0	2	0	9	24	23	0	136
16:30:00	59400	108	75	0	763	0	0	0	0	42	29	0	548	31	15	0	66	1	0	0	10	34	31	0	139
16:35:00	59700	121	95	0	789	0	0	0	0	52	35	0	565	28	23	0	71	1	0	0	11	40	37	0	142
16:40:00	60000	120	85	0	824	0	0	0	0	66	25	0	606	20	23	0	68	0	1	0	10	34	36	0	140
16:45:00	60300	91	82	0	833	0	0	0	0	41	35	0	612	28	23	0	73	0	0	0	10	22	24	0	138
16:50:00	60600	136	107	0	862	0	0	0	0	52	42	0	622	46	30	0	89	0	0	0	10	38	35	0	141
16:55:00	60900	121	98	0	885	0	0	0	0	57	38	0	641	32	30	0	91	0	0	0	10	32	30	0	143
17:00:00	61200	150	103	0	932	0	0	0	0	97	43	0	695	18	24	0	85	0	3	0	7	35	33	0	145
17:05:00	61500	132	93	0	971	0	0	0	0	93	46	0	742	15	26	0	74	0	0	0	7	24	21	0	148
17:10:00	61800	126	111	0	986	0	0	0	0	72	45	0	769	17	23	0	68	0	1	0	6	37	42	0	143
17:15:00	62100	133	103	0	1016	0	0	0	0	74	49	0	794	25	21	0	72	0	1	0	5	34	32	0	145
17:20:00	62400	141	115	0	1042	0	0	0	0	102	56	0	840	13	21	0	64	0	1	0	4	26	37	0	134
17:25:00	62700	85	115	0	1012	0	0	0	0	60	60	0	840	0	21	0	43	0	1	0	3	25	33	0	126
17:30:00	63000	67	90	0	989	0	0	0	0	64	52	0	852	1	12	0	32	0	0	0	3	2	26	0	102
17:35:00	63300	64	75	0	978	0	0	0	0	61	57	0	856	2	5	0	29	0	1	0	2	1	12	0	91
17:40:00	63600	43	68	0	953	0	0	0	0	41	58	0	839	2	4	0	27	0	0	0	2	0	6	0	85
17:45:00	63900	82	68	0	967	0	0	0	0	79	56	0	862	0	3	0	24	1	1	0	2	2	8	0	79
17:50:00	64200	65	61	0	971	0	0	0	0	58	43	0	877	1	6	0	19	0	0	0	2	6	12	0	73
17:55:00	64500	60	78	0	953	0	0	0	0	59	62	0	874	0	1	0	18	0	0	0	2	1	15	0	59
18:00:00	64800	52	88	0	917	0	0	0	0	51	72	0	853	1	2	0	17	0	0	0	2	0	14	0	45
18:05:00	65100	50	74	0	893	0	0	0	0	48	66	0	835	0	1	0	16	0	0	0	2	2	7	0	40
18:10:00	65400	42	67	0	868	0	0	0	0	40	53	0	822	1	3	0	14	0	0	0	2	1	11	0	30
18:15:00	65700	39	69	0	838	0	0	0	0	37	63	0	796	0	3	0	11	0	0	0	2	2	3	0	29
18:20:00	66000	48	61	0	825	0	0	0	0	47	56	0	787	0	1	0	10	0	0	0	2	1	4	0	26
18:25:00	66300	44	75	0	794	0	0	0	0	40	69	0	758	0	0	0	10	0	1	0	1	4	5	0	25
18:30:00	66600	29	44	0	779	0	0	0	0	27	41	0	744	0	1	0	9	0	1	0	0	2	1	0	26
18:35:00	66900	45	59	0	765	1	0	0	1	40	53	0	731	1	3	0	7	0	0	0	0	3	3	0	26
18:40:00	67200	38	64	0	739	0	0	0	1	37	58	0	710	0	2	0	5	0	0	0	0	1	4	0	23
18:45:00	67500	29	47	0	721	0	0	0	1	29	43	0	696	0	1	0	4	0	0	0	0	0	3	0	20
18:50:00	67800	15	42	0	694	0	0	0	1	15	40	0	671	0	0	0	4	0	0	0	0	0	2	0	18
18:55:00	68100	21	34	0	681	0	0	0	1	20	34	0	657	0	0	0	4	0	0	0	0	1	0	0	19
19:00:00	68400	52	37	0	696	0	0	0	1	51	36	0	672	0	0	0	4	0	0	0	0	1	1	0	19
19:05:00	68700	59	39	0	716	0	0	0	1	57	36	0	693	0	0	0	4	0	0	0	0	2	3	0	18
19:10:00	69000	44	47	0	713	0	0	0	1	44	46	0	691	0	1	0	3	0	0	0	0	0	0	0	18
19:15:00	69300	41	44	0	710	0	0	0	1	41	43	0	689	0	0	0	3	0	0	0	0	0	1	0	17
19:20:00	69600	48	56	0	702	0	0	0	1	47	54	0	682	0	0	0	3	0	0	0	0	1	2	0	16
19:25:00	69900	69	44	0	727	0	0	0	1	68	44	0	706	0	0	0	3	0	0	0	0	1	0	0	17
19:30:00	70200	44	37	0	734	0	1	0	0	43	35	0	714	0	0	0	3	0	0	0	0	1	1	0	17
19:35:00	70500	38	53	0	719	0	0	0	0	38	50	0	702	0	1	0	2	0	0	0	0	0	2	0	15
19:40:00	70800	32	31	0	720	0	0	0	0	32	31	0	703	0	0	0	2	0	0	0	0	0	0	0	15
19:45:00	71100	51	47	0	724	1	0	0	1	48	47	0	704	0	0	0	2	0	0	0	0	2	0	0	17
19:50:00	71400	32	44	0	712	0	0	0	1	29	41	0	692	0	0	0	2	0	0	0	0	3	3	0	17
19:55:00	71700	36	42	0	706	0	0	0	1	36	41	0	687	0	0	0	2	0	0	0	0	0	1	0	16
20:00:00	72000	9	35	0	680	0	0	0	1	9	33	0	663	0	0	0	2	0	0	0	0	0	2	0	14
20:05:00	72300	7	32	0	655	0	0	0	1	7	32	0	638	0	0	0	2	0	0	0	0	0	0	0	14
20:10:00	72600	3	12	0	646	0	0	0	1	3	12	0	629	0	0	0	2	0	0	0	0	0	0	0	14
20:15:00	72900	17	25	0	638	0	0	0	1	17	23	0	623	0	1	0	1	0	0	0	0	0	1	0	13
20:20:00	73200	15	26	0	627	0	0	0	1	15	26	0	612	0	0	0	1	0	0	0	0	0	0	0	13
20:25:00	73500	15	22	0	620	0	0	0	1	15	22	0	605	0	0	0	1	0	0	0	0	0	0	0	13
20:30:00	73800	11	22	0	609	0	0	0	1	11	21	0	595	0	1	0	0	0	0	0	0	0	0	0	13
20:35:00	74100	8	22	0	595	0	0	0	1	8	21	0	582	0	0	0	0	0	0	0	0	0	1	0	12
20:40:00	74400	9	19	0	585	0	1	0	0	9	18	0	573	0	0	0	0	0	0	0	0	0	0	0	12
20:45:00	74700	9	11	0	583	0	0	0	0	8	11	0	570	0	0	0	0	0	0	0	0	1	0	0	13
20:50:00	75000	16	22	0	577	0	0	0	0	15	20	0	565	0	0	0	0	0	0	0	0	1	2	0	12
20:55:00	75300	11	18	0	570	0	0	0	0	11	18	0	558	0	0	0	0	0	0	0	0	0	0	0	12
21:00:00	75600	9	15	0	564	0	0	0	0	9	15	0	552	0	0	0	0	0	0	0	0	0	0	0	12
21:05:00	75900	7	14	0	557	0	0	0	0	7	13	0	546	0	0	0	0	0	0	0	0	0	1	0	11
21:10:00	76200	14	18	0	553	0	0	0	0	14	18	0	542	0	0	0	0	0	0	0	0	0	0	0	11
21:15:00	76500	9	15	0	547	0	0	0	0	9	15	0	536	0	0	0	0	0	0	0	0	0	0	0	11
21:20:00	76800	9	13	0	543	0	0	0	0	9	13	0	532	0	0	0	0	0	0	0	0	0	0	0	11
21:25:00	77100	6	13	0	536	0	0	0	0	6	12	0	526	0	0	0	0	0	0	0	0	0	1	0	10
21:30:00	77400	13	15	0	534	0	0	0	0	13	15	0	524	0	0	0	0	0	0	0	0	0	0	0	10
21:35:00	77700	11	18	0	527	0	0	0	0	11	18	0	517	0	0	0	0	0	0	0	0	0	0	0	10
21:40:00	78000	8	11	0	524	0	0	0	0	8	10	0	515	0	0	0	0	0	0	0	0	0	1	0	9
21:45:00	78300	7	11	0	520	0	0	0	0	7	11	0	511	0	0	0	0	0	0	0	0	0	0	0	9
21:50:00	78600	2	13	0	509	0	0	0	0	2	13	0	500	0	0	0	0	0	0	0	0	0	0	0	9
21:55:00	78900	5	8	0	506	0	0	0	0	5	8	0	497	0	0	0	0	0	0	0	0	0	0	0	9
22:00:00	79200	4	8	0	502	0	0	0	0	4	8	0	493	0	0	0	0	0	0	0	0	0	0	0	9
22:05:00	79500	7	12	0	497	0	0	0	0	7	12	0	488	0	0	0	0	0	0	0	0	0	0	0	9
22:10:00	79800	6	10	0	493	0	0	0	0	6	10	0	484	0	0	0	0	0	0	0	0	0	0	0	9
22:15:00	80100	8	10	0	491	0	0	0	0	8	10	0	482	0	0	0	0	0	0	0	0	0	0	0	9
22:20:00	80400	5	7	0	489	0	0	0	0	5	7	0	480	0	0	0	0	0	0	0	0	0	0	0	9
22:25:00	80700	9	10	0	488	0	0	0	0	9	10	0	479	0	0	0	0	0	0	0	0	0	0	0	9
22:30:00	81000	7	17	0	478	0	0	0	0	7	17	0	469	0	0	0	0	0	0	0	0	0	0	0	9
22:35:00	81300	6	14	0	470	0	0	0	0	6	14	0	461	0	0	0	0	0	0	0	0	0	0	0	9
22:40:00	81600	7	10	0	467	0	0	0	0	7	10	0	458	0	0	0	0	0	0	0	0	0	0	0	9
22:45:00	81900	5	7	0	465	0	0	0	0	5	7	0	456	0	0	0	0	0	0	0	0	0	0	0	9
22:50:00	82200	7	12	0	460	0	0	0	0	7	12	0	451	0	0	0	0	0	0	0	0	0	0	0	9
22:55:00	82500	4	7	0	457	0	0	0	0	4	7	0	448	0	0	0	0	0	0	0	0	0	0	0	9
23:00:00	82800	2	4	0	455	0	0	0	0	2	3	0	447	0	0	0	0	0	0	0	0	0	1	0	8
23:05:00	83100	11	18	0	448	0	0	0	0	11	18	0	440	0	0	0	0	0	0	0	0	0	0	0	8
23:10:00	83400	3	6	0	445	0	0	0	0	3	6	0	437	0	0	0	0	0	0	0	0	0	0	0	8
23:15:00	83700	11	12	0	444	0	0	0	0	11	12	0	436	0	0	0	0	0	0	0	0	0	0	0	8
23:20:00	84000	12	12	0	444	0	0	0	0	12	12	0	436	0	0	0	0	0	0	0	0	0	0	0	8
23:25:00	84300	8	9	0	443	0	0	0	0	8	9	0	435	0	0	0	0	0	0	0	0	0	0	0	8
23:30:00	84600	8	16	0	435	0	0	0	0	8	15	0	428	0	0	0	0	0	0	0	0	0	1	0	7
23:35:00	84900	4	8	0	431	0	0	0	0	4	8	0	424	0	0	0	0	0	0	0	0	0	0	0	7
23:40:00	85200	5	9	0	427	0	0	0	0	5	9	0	420	0	0	0	0	0	0	0	0	0	0	0	7
23:45:00	85500	7	12	0	422	0	0	0	0	6	12	0	414	0	0	0	0	0	0	0	0	1	0	0	8
23:50:00	85800	10	15	0	417	0	0	0	0	9	13	0	410	0	0	0	0	0	0	0	0	1	2	0	7
23:55:00	86100	8	14	0	411	0	0	0	0	7	13	0	404	0	0	0	0	0	0	0	0	1	1	0	7
24:00:00	86400	11	13	0	409	0	0	0	0	11	13	0	402	0	0	0	0	0	0	0	0	0	0	0	7
24:05:00	86700	8	9	0	408	0	0	0	0	8	9	0	401	0	0	0	0	0	0	0	0	0	0	0	7
24:10:00	87000	6	8	0	406	0	0	0	0	6	8	0	399	0	0	0	0	0	0	0	0	0	0	0	7
24:15:00	87300	6	9	0	403	0	0	0	0	6	9	0	396	0	0	0	0	0	0	0	0	0	0	0	7
24:20:00	87600	5	8	0	400	0	0	0	0	5	8	0	393	0	0	0	0	0	0	0	0	0	0	0	7
24:25:00	87900	6	8	0	398	0	0	0	0	6	8	0	391	0	0	0	0	0	0	0	0	0	0	0	7
24:30:00	88200	8	9	0	397	0	0	0	0	8	9	0	390	0	0	0	0	0	0	0	0	0	0	0	7
24:35:00	88500	7	12	0	392	0	0	0	0	7	12	0	385	0	0	0	0	0	0	0	0	0	0	0	7
24:40:00	88800	6	14	0	384	0	0	0	0	6	14	0	377	0	0	0	0	0	0	0	0	0	0	0	7
24:45:00	89100	11	15	0	380	0	0	0	0	11	15	0	373	0	0	0	0	0	0	0	0	0	0	0	7
24:50:00	89400	5	10	0	375	0	0	0	0	5	10	0	368	0	0	0	0	0	0	0	0	0	0	0	7
24:55:00	89700	8	12	0	371	0	0	0	0	8	12	0	364	0	0	0	0	0	0	0	0	0	0	0	7
25:00:00	90000	3	6	0	368	0	0	0	0	3	6	0	361	0	0	0	0	0	0	0	0	0	0	0	7
25:05:00	90300	6	8	0	366	0	0	0	0	6	8	0	359	0	0	0	0	0	0	0	0	0	0	0	7
25:10:00	90600	7	8	0	365	0	0	0	0	7	8	0	358	0	0	0	0	0	0	0	0	0	0	0	7
25:15:00	90900	4	9	0	360	0	0	0	0	4	9	0	353	0	0	0	0	0	0	0	0	0	0	0	7
25:20:00	91200	6	8	0	358	0	0	0	0	6	8	0	351	0	0	0	0	0	0	0	0	0	0	0	7
25:25:00	91500	4	8	0	354	0	0	0	0	4	8	0	347	0	0	0	0	0	0	0	0	0	0	0	7
25:30:00	91800	2	4	0	352	0	0	0	0	2	4	0	345	0	0	0	0	0	0	0	0	0	0	0	7
25:35:00	92100	7	9	0	350	0	0	0	0	7	9	0	343	0	0	0	0	0	0	0	0	0	0	0	7
25:40:00	92400	6	8	0	348	0	0	0	0	6	8	0	341	0	0	0	0	0	0	0	0	0	0	0	7
25:45:00	92700	7	11	0	344	0	0	0	0	7	11	0	337	0	0	0	0	0	0	0	0	0	0	0	7
25:50:00	93000	1	2	0	343	0	0	0	0	1	2	0	336	0	0	0	0	0	0	0	0	0	0	0	7
25:55:00	93300	7	9	0	341	0	0	0	0	7	9	0	334	0	0	0	0	0	0	0	0	0	0	0	7
26:00:00	93600	3	4	0	340	0	0	0	0	3	4	0	333	0	0	0	0	0	0	0	0	0	0	0	7
26:05:00	93900	4	6	0	338	0	0	0	0	4	6	0	331	0	0	0	0	0	0	0	0	0	0	0	7
26:10:00	94200	4	7	0	335	0	0	0	0	4	7	0	328	0	0	0	0	0	0	0	0	0	0	0	7
26:15:00	94500	4	7	0	332	0	0	0	0	4	7	0	325	0	0	0	0	0	0	0	0	0	0	0	7
26:20:00	94800	6	12	0	326	0	0	0	0	6	12	0	319	0	0	0	0	0	0	0	0	0	0	0	7
26:25:00	95100	4	5	0	325	0	0	0	0	4	5	0	318	0	0	0	0	0	0	0	0	0	0	0	7
26:30:00	95400	6	6	0	325	0	0	0	0	6	6	0	318	0	0	0	0	0	0	0	0	0	0	0	7
26:35:00	95700	8	10	0	323	0	0	0	0	8	10	0	316	0	0	0	0	0	0	0	0	0	0	0	7
26:40:00	96000	6	8	0	321	0	0	0	0	6	8	0	314	0	0	0	0	0	0	0	0	0	0	0	7
26:45:00	96300	3	5	0	319	0	0	0	0	3	5	0	312	0	0	0	0	0	0	0	0	0	0	0	7
26:50:00	96600	9	10	0	318	0	0	0	0	9	10	0	311	0	0	0	0	0	0	0	0	0	0	0	7
26:55:00	96900	8	11	0	315	0	0	0	0	7	10	0	308	0	0	0	0	0	0	0	0	1	1	0	7
27:00:00	97200	1	6	0	310	0	0	0	0	1	6	0	303	0	0	0	0	0	0	0	0	0	0	0	7
27:05:00	97500	10	13	0	307	0	0	0	0	10	13	0	300	0	0	0	0	0	0	0	0	0	0	0	7
27:10:00	97800	6	9	0	304	0	0	0	0	6	9	0	297	0	0	0	0	0	0	0	0	0	0	0	7
27:15:00	98100	4	4	0	304	0	0	0	0	4	4	0	297	0	0	0	0	0	0	0	0	0	0	0	7
27:20:00	98400	5	6	0	303	0	0	0	0	5	6	0	296	0	0	0	0	0	0	0	0	0	0	0	7
27:25:00	98700	4	8	0	299	0	0	0	0	4	7	0	293	0	0	0	0	0	0	0	0	0	1	0	6
27:30:00	99000	3	6	0	296	0	0	0	0	3	6	0	290	0	0	0	0	0	0	0	0	0	0	0	6
27:35:00	99300	4	6	0	294	0	0	0	0	4	6	0	288	0	0	0	0	0	0	0	0	0	0	0	6
27:40:00	99600	5	10	0	289	0	0	0	0	5	10	0	283	0	0	0	0	0	0	0	0	0	0	0	6
27:45:00	99900	7	10	0	286	0	0	0	0	7	10	0	280	0	0	0	0	0	0	0	0	0	0	0	6
27:50:00	100200	5	7	0	284	0	0	0	0	5	7	0	278	0	0	0	0	0	0	0	0	0	0	0	6
27:55:00	100500	5	10	0	279	0	0	0	0	5	10	0	273	0	0	0	0	0	0	0	0	0	0	0	6
28:00:00	100800	9	11	0	277	0	0	0	0	9	11	0	271	0	0	0	0	0	0	0	0	0	0	0	6
28:05:00	101100	6	8	0	275	0	0	0	0	6	8	0	269	0	0	0	0	0	0	0	0	0	0	0	6
28:10:00	101400	5	6	0	274	0	0	0	0	5	6	0	268	0	0	0	0	0	0	0	0	0	0	0	6
28:15:00	101700	6	9	0	271	0	0	0	0	6	9	0	265	0	0	0	0	0	0	0	0	0	0	0	6
28:20:00	102000	3	6	0	268	0	0	0	0	3	6	0	262	0	0	0	0	0	0	0	0	0	0	0	6
28:25:00	102300	2	3	0	267	0	0	0	0	2	3	0	261	0	0	0	0	0	0	0	0	0	0	0	6
28:30:00	102600	3	6	0	264	0	0	0	0	3	6	0	258	0	0	0	0	0	0	0	0	0	0	0	6
28:35:00	102900	3	6	0	261	0	0	0	0	3	6	0	255	0	0	0	0	0	0	0	0	0	0	0	6
28:40:00	103200	7	10	0	258	0	0	0	0	7	10	0	252	0	0	0	0	0	0	0	0	0	0	0	6
28:45:00	103500	4	8	0	254	0	0	0	0	4	8	0	248	0	0	0	0	0	0	0	0	0	0	0	6
28:50:00	103800	2	5	0	251	0	0	0	0	2	5	0	245	0	0	0	0	0	0	0	0	0	0	0	6
28:55:00	104100	3	5	0	249	0	0	0	0	3	5	0	243	0	0	0	0	0	0	0	0	0	0	0	6
29:00:00	104400	2	9	0	242	0	0	0	0	2	8	0	237	0	0	0	0	0	0	0	0	0	1	0	5
29:05:00	104700	7	7	0	242	0	0	0	0	7	7	0	237	0	0	0	0	0	0	0	0	0	0	0	5
29:10:00	105000	4	11	0	235	0	0	0	0	4	11	0	230	0	0	0	0	0	0	0	0	0	0	0	5
29:15:00	105300	1	5	0	231	0	0	0	0	1	5	0	226	0	0	0	0	0	0	0	0	0	0	0	5
29:20:00	105600	3	6	0	228	0	0	0	0	3	6	0	223	0	0	0	0	0	0	0	0	0	0	0	5
29:25:00	105900	5	11	0	222	0	0	0	0	5	10	0	218	0	0	0	0	0	0	0	0	0	1	0	4
29:30:00	106200	2	3	0	221	0	0	0	0	2	3	0	217	0	0	0	0	0	0	0	0	0	0	0	4
29:35:00	106500	3	7	0	217	0	0	0	0	3	7	0	213	0	0	0	0	0	0	0	0	0	0	0	4
29:40:00	106800	3	6	0	214	0	0	0	0	3	6	0	210	0	0	0	0	0	0	0	0	0	0	0	4
29:45:00	107100	2	5	0	211	0	0	0	0	2	5	0	207	0	0	0	0	0	0	0	0	0	0	0	4
29:50:00	107400	2	5	0	208	0	0	0	0	2	4	0	205	0	0	0	0	0	0	0	0	0	1	0	3
29:55:00	107700	4	7	0	205	0	0	0	0	4	7	0	202	0	0	0	0	0	0	0	0	0	0	0	3
30:00:00	108000	0	0	205	0	0	0	0	0	0	0	202	0	0	0	0	0	0	0	0	0	0	0	3	0
30:05:00	108300	0	0	0	0	0	0	0	0	0	0	0	0	0	0	0	0	0	0	0	0	0	0	0	0
