time	time	departures_all	arrivals_all	stuck_all	en-route_all	departures_car	arrivals_car	stuck_car	en-route_car	departures_car_passenger	arrivals_car_passenger	stuck_car_passenger	en-route_car_passenger	departures_outside	arrivals_outside	stuck_outside	en-route_outside	departures_pt	arrivals_pt	stuck_pt	en-route_pt	departures_walk	arrivals_walk	stuck_walk	en-route_walk
00:00:00	0	0	0	0	0	0	0	0	0	0	0	0	0	0	0	0	0	0	0	0	0	0	0	0	0
00:05:00	300	0	0	0	0	0	0	0	0	0	0	0	0	0	0	0	0	0	0	0	0	0	0	0	0
00:10:00	600	0	0	0	0	0	0	0	0	0	0	0	0	0	0	0	0	0	0	0	0	0	0	0	0
00:15:00	900	0	0	0	0	0	0	0	0	0	0	0	0	0	0	0	0	0	0	0	0	0	0	0	0
00:20:00	1200	0	0	0	0	0	0	0	0	0	0	0	0	0	0	0	0	0	0	0	0	0	0	0	0
00:25:00	1500	0	0	0	0	0	0	0	0	0	0	0	0	0	0	0	0	0	0	0	0	0	0	0	0
00:30:00	1800	0	0	0	0	0	0	0	0	0	0	0	0	0	0	0	0	0	0	0	0	0	0	0	0
00:35:00	2100	0	0	0	0	0	0	0	0	0	0	0	0	0	0	0	0	0	0	0	0	0	0	0	0
00:40:00	2400	0	0	0	0	0	0	0	0	0	0	0	0	0	0	0	0	0	0	0	0	0	0	0	0
00:45:00	2700	0	0	0	0	0	0	0	0	0	0	0	0	0	0	0	0	0	0	0	0	0	0	0	0
00:50:00	3000	0	0	0	0	0	0	0	0	0	0	0	0	0	0	0	0	0	0	0	0	0	0	0	0
00:55:00	3300	0	0	0	0	0	0	0	0	0	0	0	0	0	0	0	0	0	0	0	0	0	0	0	0
01:00:00	3600	0	0	0	0	0	0	0	0	0	0	0	0	0	0	0	0	0	0	0	0	0	0	0	0
01:05:00	3900	0	0	0	0	0	0	0	0	0	0	0	0	0	0	0	0	0	0	0	0	0	0	0	0
01:10:00	4200	0	0	0	0	0	0	0	0	0	0	0	0	0	0	0	0	0	0	0	0	0	0	0	0
01:15:00	4500	0	0	0	0	0	0	0	0	0	0	0	0	0	0	0	0	0	0	0	0	0	0	0	0
01:20:00	4800	0	0	0	0	0	0	0	0	0	0	0	0	0	0	0	0	0	0	0	0	0	0	0	0
01:25:00	5100	0	0	0	0	0	0	0	0	0	0	0	0	0	0	0	0	0	0	0	0	0	0	0	0
01:30:00	5400	0	0	0	0	0	0	0	0	0	0	0	0	0	0	0	0	0	0	0	0	0	0	0	0
01:35:00	5700	0	0	0	0	0	0	0	0	0	0	0	0	0	0	0	0	0	0	0	0	0	0	0	0
01:40:00	6000	0	0	0	0	0	0	0	0	0	0	0	0	0	0	0	0	0	0	0	0	0	0	0	0
01:45:00	6300	0	0	0	0	0	0	0	0	0	0	0	0	0	0	0	0	0	0	0	0	0	0	0	0
01:50:00	6600	0	0	0	0	0	0	0	0	0	0	0	0	0	0	0	0	0	0	0	0	0	0	0	0
01:55:00	6900	0	0	0	0	0	0	0	0	0	0	0	0	0	0	0	0	0	0	0	0	0	0	0	0
02:00:00	7200	0	0	0	0	0	0	0	0	0	0	0	0	0	0	0	0	0	0	0	0	0	0	0	0
02:05:00	7500	0	0	0	0	0	0	0	0	0	0	0	0	0	0	0	0	0	0	0	0	0	0	0	0
02:10:00	7800	0	0	0	0	0	0	0	0	0	0	0	0	0	0	0	0	0	0	0	0	0	0	0	0
02:15:00	8100	0	0	0	0	0	0	0	0	0	0	0	0	0	0	0	0	0	0	0	0	0	0	0	0
02:20:00	8400	0	0	0	0	0	0	0	0	0	0	0	0	0	0	0	0	0	0	0	0	0	0	0	0
02:25:00	8700	0	0	0	0	0	0	0	0	0	0	0	0	0	0	0	0	0	0	0	0	0	0	0	0
02:30:00	9000	0	0	0	0	0	0	0	0	0	0	0	0	0	0	0	0	0	0	0	0	0	0	0	0
02:35:00	9300	0	0	0	0	0	0	0	0	0	0	0	0	0	0	0	0	0	0	0	0	0	0	0	0
02:40:00	9600	0	0	0	0	0	0	0	0	0	0	0	0	0	0	0	0	0	0	0	0	0	0	0	0
02:45:00	9900	0	0	0	0	0	0	0	0	0	0	0	0	0	0	0	0	0	0	0	0	0	0	0	0
02:50:00	10200	0	0	0	0	0	0	0	0	0	0	0	0	0	0	0	0	0	0	0	0	0	0	0	0
02:55:00	10500	0	0	0	0	0	0	0	0	0	0	0	0	0	0	0	0	0	0	0	0	0	0	0	0
03:00:00	10800	0	0	0	0	0	0	0	0	0	0	0	0	0	0	0	0	0	0	0	0	0	0	0	0
03:05:00	11100	0	0	0	0	0	0	0	0	0	0	0	0	0	0	0	0	0	0	0	0	0	0	0	0
03:10:00	11400	0	0	0	0	0	0	0	0	0	0	0	0	0	0	0	0	0	0	0	0	0	0	0	0
03:15:00	11700	0	0	0	0	0	0	0	0	0	0	0	0	0	0	0	0	0	0	0	0	0	0	0	0
03:20:00	12000	0	0	0	0	0	0	0	0	0	0	0	0	0	0	0	0	0	0	0	0	0	0	0	0
03:25:00	12300	0	0	0	0	0	0	0	0	0	0	0	0	0	0	0	0	0	0	0	0	0	0	0	0
03:30:00	12600	0	0	0	0	0	0	0	0	0	0	0	0	0	0	0	0	0	0	0	0	0	0	0	0
03:35:00	12900	0	0	0	0	0	0	0	0	0	0	0	0	0	0	0	0	0	0	0	0	0	0	0	0
03:40:00	13200	0	0	0	0	0	0	0	0	0	0	0	0	0	0	0	0	0	0	0	0	0	0	0	0
03:45:00	13500	0	0	0	0	0	0	0	0	0	0	0	0	0	0	0	0	0	0	0	0	0	0	0	0
03:50:00	13800	0	0	0	0	0	0	0	0	0	0	0	0	0	0	0	0	0	0	0	0	0	0	0	0
03:55:00	14100	0	0	0	0	0	0	0	0	0	0	0	0	0	0	0	0	0	0	0	0	0	0	0	0
04:00:00	14400	0	0	0	0	0	0	0	0	0	0	0	0	0	0	0	0	0	0	0	0	0	0	0	0
04:05:00	14700	0	0	0	0	0	0	0	0	0	0	0	0	0	0	0	0	0	0	0	0	0	0	0	0
04:10:00	15000	0	0	0	0	0	0	0	0	0	0	0	0	0	0	0	0	0	0	0	0	0	0	0	0
04:15:00	15300	0	0	0	0	0	0	0	0	0	0	0	0	0	0	0	0	0	0	0	0	0	0	0	0
04:20:00	15600	0	0	0	0	0	0	0	0	0	0	0	0	0	0	0	0	0	0	0	0	0	0	0	0
04:25:00	15900	0	0	0	0	0	0	0	0	0	0	0	0	0	0	0	0	0	0	0	0	0	0	0	0
04:30:00	16200	0	0	0	0	0	0	0	0	0	0	0	0	0	0	0	0	0	0	0	0	0	0	0	0
04:35:00	16500	0	0	0	0	0	0	0	0	0	0	0	0	0	0	0	0	0	0	0	0	0	0	0	0
04:40:00	16800	0	0	0	0	0	0	0	0	0	0	0	0	0	0	0	0	0	0	0	0	0	0	0	0
04:45:00	17100	0	0	0	0	0	0	0	0	0	0	0	0	0	0	0	0	0	0	0	0	0	0	0	0
04:50:00	17400	0	0	0	0	0	0	0	0	0	0	0	0	0	0	0	0	0	0	0	0	0	0	0	0
04:55:00	17700	0	0	0	0	0	0	0	0	0	0	0	0	0	0	0	0	0	0	0	0	0	0	0	0
05:00:00	18000	0	0	0	0	0	0	0	0	0	0	0	0	0	0	0	0	0	0	0	0	0	0	0	0
05:05:00	18300	0	0	0	0	0	0	0	0	0	0	0	0	0	0	0	0	0	0	0	0	0	0	0	0
05:10:00	18600	0	0	0	0	0	0	0	0	0	0	0	0	0	0	0	0	0	0	0	0	0	0	0	0
05:15:00	18900	0	0	0	0	0	0	0	0	0	0	0	0	0	0	0	0	0	0	0	0	0	0	0	0
05:20:00	19200	0	0	0	0	0	0	0	0	0	0	0	0	0	0	0	0	0	0	0	0	0	0	0	0
05:25:00	19500	0	0	0	0	0	0	0	0	0	0	0	0	0	0	0	0	0	0	0	0	0	0	0	0
05:30:00	19800	0	0	0	0	0	0	0	0	0	0	0	0	0	0	0	0	0	0	0	0	0	0	0	0
05:35:00	20100	0	0	0	0	0	0	0	0	0	0	0	0	0	0	0	0	0	0	0	0	0	0	0	0
05:40:00	20400	0	0	0	0	0	0	0	0	0	0	0	0	0	0	0	0	0	0	0	0	0	0	0	0
05:45:00	20700	0	0	0	0	0	0	0	0	0	0	0	0	0	0	0	0	0	0	0	0	0	0	0	0
05:50:00	21000	0	0	0	0	0	0	0	0	0	0	0	0	0	0	0	0	0	0	0	0	0	0	0	0
05:55:00	21300	0	0	0	0	0	0	0	0	0	0	0	0	0	0	0	0	0	0	0	0	0	0	0	0
06:00:00	21600	0	0	0	0	0	0	0	0	0	0	0	0	0	0	0	0	0	0	0	0	0	0	0	0
06:05:00	21900	0	0	0	0	0	0	0	0	0	0	0	0	0	0	0	0	0	0	0	0	0	0	0	0
06:10:00	22200	1	0	0	1	1	0	0	1	0	0	0	0	0	0	0	0	0	0	0	0	0	0	0	0
06:15:00	22500	0	1	0	0	0	1	0	0	0	0	0	0	0	0	0	0	0	0	0	0	0	0	0	0
06:20:00	22800	0	0	0	0	0	0	0	0	0	0	0	0	0	0	0	0	0	0	0	0	0	0	0	0
06:25:00	23100	1	0	0	1	1	0	0	1	0	0	0	0	0	0	0	0	0	0	0	0	0	0	0	0
06:30:00	23400	18	0	0	19	17	0	0	18	0	0	0	0	0	0	0	0	0	0	0	0	1	0	0	1
06:35:00	23700	11	4	0	26	11	4	0	25	0	0	0	0	0	0	0	0	0	0	0	0	0	0	0	1
06:40:00	24000	10	2	0	34	10	2	0	33	0	0	0	0	0	0	0	0	0	0	0	0	0	0	0	1
06:45:00	24300	10	5	0	39	10	5	0	38	0	0	0	0	0	0	0	0	0	0	0	0	0	0	0	1
06:50:00	24600	17	6	0	50	16	6	0	48	0	0	0	0	0	0	0	0	0	0	0	0	1	0	0	2
06:55:00	24900	25	9	0	66	23	9	0	62	0	0	0	0	0	0	0	0	0	0	0	0	2	0	0	4
07:00:00	25200	23	9	0	80	22	9	0	75	0	0	0	0	0	0	0	0	0	0	0	0	1	0	0	5
07:05:00	25500	21	11	0	90	19	10	0	84	0	0	0	0	0	0	0	0	0	0	0	0	2	1	0	6
07:10:00	25800	27	11	0	106	25	11	0	98	0	0	0	0	0	0	0	0	0	0	0	0	2	0	0	8
07:15:00	26100	22	10	0	118	22	8	0	112	0	0	0	0	0	0	0	0	0	0	0	0	0	2	0	6
07:20:00	26400	31	16	0	133	31	15	0	128	0	0	0	0	0	0	0	0	0	0	0	0	0	1	0	5
07:25:00	26700	40	12	0	161	34	12	0	150	0	0	0	0	0	0	0	0	0	0	0	0	6	0	0	11
07:30:00	27000	29	17	0	173	27	16	0	161	0	0	0	0	1	1	0	0	0	0	0	0	1	0	0	12
07:35:00	27300	20	12	0	181	18	11	0	168	0	0	0	0	1	1	0	0	0	0	0	0	1	0	0	13
07:40:00	27600	27	22	0	186	27	20	0	175	0	0	0	0	0	0	0	0	0	0	0	0	0	2	0	11
07:45:00	27900	30	19	0	197	27	18	0	184	0	0	0	0	0	0	0	0	0	0	0	0	3	1	0	13
07:50:00	28200	27	18	0	206	27	18	0	193	0	0	0	0	0	0	0	0	0	0	0	0	0	0	0	13
07:55:00	28500	30	25	0	211	26	25	0	194	3	0	0	3	0	0	0	0	0	0	0	0	1	0	0	14
08:00:00	28800	40	26	0	225	26	22	0	198	14	3	0	14	0	0	0	0	0	0	0	0	0	1	0	13
08:05:00	29100	35	21	0	239	30	14	0	214	5	7	0	12	0	0	0	0	0	0	0	0	0	0	0	13
08:10:00	29400	46	28	0	257	29	22	0	221	15	5	0	22	1	1	0	0	0	0	0	0	1	0	0	14
08:15:00	29700	29	24	0	262	22	14	0	229	7	8	0	21	0	0	0	0	0	0	0	0	0	2	0	12
08:20:00	30000	49	29	0	282	40	20	0	249	8	8	0	21	1	1	0	0	0	0	0	0	0	0	0	12
08:25:00	30300	36	28	0	290	33	19	0	263	2	7	0	16	1	1	0	0	0	0	0	0	0	1	0	11
08:30:00	30600	30	25	0	295	25	21	0	267	4	3	0	17	0	0	0	0	0	0	0	0	1	1	0	11
08:35:00	30900	25	20	0	300	21	16	0	272	4	4	0	17	0	0	0	0	0	0	0	0	0	0	0	11
08:40:00	31200	31	23	0	308	20	13	0	279	10	8	0	19	0	0	0	0	1	0	0	1	0	2	0	9
08:45:00	31500	43	31	0	320	26	20	0	285	17	10	0	26	0	0	0	0	0	0	0	1	0	1	0	8
08:50:00	31800	24	26	0	318	17	18	0	284	5	7	0	24	0	0	0	0	1	0	0	2	1	1	0	8
08:55:00	32100	19	21	0	316	15	13	0	286	4	8	0	20	0	0	0	0	0	0	0	2	0	0	0	8
09:00:00	32400	21	24	0	313	17	20	0	283	1	4	0	17	0	0	0	0	0	0	0	2	3	0	0	11
09:05:00	32700	20	22	0	311	16	15	0	284	3	5	0	15	0	0	0	0	0	0	0	2	1	2	0	10
09:10:00	33000	20	22	0	309	18	16	0	286	1	5	0	11	1	1	0	0	0	0	0	2	0	0	0	10
09:15:00	33300	20	22	0	307	19	17	0	288	0	4	0	7	0	0	0	0	0	0	0	2	1	1	0	10
09:20:00	33600	17	13	0	311	15	12	0	291	0	0	0	7	0	0	0	0	0	1	0	1	2	0	0	12
09:25:00	33900	16	20	0	307	9	16	0	284	3	2	0	8	0	0	0	0	0	0	0	1	4	2	0	14
09:30:00	34200	13	16	0	304	12	13	0	283	0	2	0	6	0	0	0	0	0	0	0	1	1	1	0	14
09:35:00	34500	18	15	0	307	17	13	0	287	0	1	0	5	0	0	0	0	0	0	0	1	1	1	0	14
09:40:00	34800	15	14	0	308	10	12	0	285	1	1	0	5	0	0	0	0	0	0	0	1	4	1	0	17
09:45:00	35100	24	31	0	301	15	24	0	276	0	0	0	5	1	1	0	0	0	0	0	1	8	6	0	19
09:50:00	35400	16	21	0	296	15	14	0	277	0	3	0	2	0	0	0	0	0	0	0	1	1	4	0	16
09:55:00	35700	20	19	0	297	17	16	0	278	0	0	0	2	2	2	0	0	0	0	0	1	1	1	0	16
10:00:00	36000	29	32	0	294	17	22	0	273	0	2	0	0	0	0	0	0	0	0	0	1	12	8	0	20
10:05:00	36300	33	23	0	304	22	17	0	278	0	0	0	0	2	2	0	0	0	0	0	1	9	4	0	25
10:10:00	36600	32	28	0	308	17	18	0	277	0	0	0	0	0	0	0	0	0	0	0	1	15	10	0	30
10:15:00	36900	28	30	0	306	14	20	0	271	0	0	0	0	0	0	0	0	0	0	0	1	14	10	0	34
10:20:00	37200	23	30	0	299	12	17	0	266	0	0	0	0	0	0	0	0	0	0	0	1	11	13	0	32
10:25:00	37500	32	21	0	310	19	16	0	269	0	0	0	0	0	0	0	0	0	0	0	1	13	5	0	40
10:30:00	37800	23	22	0	311	6	11	0	264	0	0	0	0	0	0	0	0	0	0	0	1	17	11	0	46
10:35:00	38100	20	35	0	296	11	20	0	255	1	1	0	0	0	0	0	0	0	0	0	1	8	14	0	40
10:40:00	38400	24	29	0	291	9	16	0	248	1	0	0	1	0	0	0	0	0	0	0	1	14	13	0	41
10:45:00	38700	34	40	0	285	16	24	0	240	2	0	0	3	0	0	0	0	0	0	0	1	16	16	0	41
10:50:00	39000	22	23	0	284	10	10	0	240	0	2	0	1	0	0	0	0	0	0	0	1	12	11	0	42
10:55:00	39300	22	33	0	273	5	14	0	231	2	0	0	3	0	0	0	0	0	0	0	1	15	19	0	38
11:00:00	39600	20	26	0	267	8	14	0	225	0	1	0	2	0	0	0	0	0	0	0	1	12	11	0	39
11:05:00	39900	29	23	0	273	12	9	0	228	2	1	0	3	1	1	0	0	0	0	0	1	14	12	0	41
11:10:00	40200	32	26	0	279	19	11	0	236	0	1	0	2	0	0	0	0	0	0	0	1	13	14	0	40
11:15:00	40500	32	22	0	289	13	10	0	239	7	1	0	8	0	0	0	0	0	0	0	1	12	11	0	41
11:20:00	40800	23	29	0	283	9	13	0	235	2	0	0	10	0	0	0	0	0	0	0	1	12	16	0	37
11:25:00	41100	31	25	0	289	13	9	0	239	1	5	0	6	0	0	0	0	0	0	0	1	17	11	0	43
11:30:00	41400	23	26	0	286	8	7	0	240	1	2	0	5	2	2	0	0	0	0	0	1	12	15	0	40
11:35:00	41700	25	24	0	287	13	8	0	245	2	3	0	4	0	0	0	0	0	0	0	1	10	13	0	37
11:40:00	42000	25	27	0	285	11	15	0	241	0	1	0	3	1	1	0	0	0	0	0	1	13	10	0	40
11:45:00	42300	29	31	0	283	8	11	0	238	3	2	0	4	2	2	0	0	0	0	0	1	16	16	0	40
11:50:00	42600	24	28	0	279	13	15	0	236	0	1	0	3	1	1	0	0	0	0	0	1	10	11	0	39
11:55:00	42900	33	38	0	274	20	21	0	235	1	1	0	3	0	0	0	0	0	0	0	1	12	16	0	35
12:00:00	43200	31	25	0	280	28	16	0	247	0	1	0	2	2	2	0	0	0	0	0	1	1	6	0	30
12:05:00	43500	19	10	0	289	13	7	0	253	6	1	0	7	0	0	0	0	0	0	0	1	0	2	0	28
12:10:00	43800	23	13	0	299	20	10	0	263	2	0	0	9	0	0	0	0	0	0	0	1	1	3	0	26
12:15:00	44100	17	21	0	295	13	13	0	263	1	3	0	7	1	1	0	0	0	0	0	1	2	4	0	24
12:20:00	44400	19	13	0	301	19	7	0	275	0	3	0	4	0	0	0	0	0	0	0	1	0	3	0	21
12:25:00	44700	24	18	0	307	22	14	0	283	0	1	0	3	0	0	0	0	0	0	0	1	2	3	0	20
12:30:00	45000	11	17	0	301	11	12	0	282	0	1	0	2	0	0	0	0	0	0	0	1	0	4	0	16
12:35:00	45300	10	17	0	294	9	12	0	279	0	2	0	0	0	0	0	0	0	0	0	1	1	3	0	14
12:40:00	45600	10	14	0	290	10	12	0	277	0	0	0	0	0	0	0	0	0	0	0	1	0	2	0	12
12:45:00	45900	15	14	0	291	14	11	0	280	0	0	0	0	1	1	0	0	0	0	0	1	0	2	0	10
12:50:00	46200	13	13	0	291	13	12	0	281	0	0	0	0	0	0	0	0	0	0	0	1	0	1	0	9
12:55:00	46500	17	12	0	296	16	11	0	286	0	0	0	0	1	1	0	0	0	0	0	1	0	0	0	9
13:00:00	46800	2	10	0	288	1	9	0	278	0	0	0	0	0	0	0	0	0	0	0	1	1	1	0	9
13:05:00	47100	2	12	0	278	2	12	0	268	0	0	0	0	0	0	0	0	0	0	0	1	0	0	0	9
13:10:00	47400	1	6	0	273	1	6	0	263	0	0	0	0	0	0	0	0	0	0	0	1	0	0	0	9
13:15:00	47700	4	9	0	268	4	9	0	258	0	0	0	0	0	0	0	0	0	0	0	1	0	0	0	9
13:20:00	48000	6	7	0	267	6	7	0	257	0	0	0	0	0	0	0	0	0	0	0	1	0	0	0	9
13:25:00	48300	2	6	0	263	1	5	0	253	0	0	0	0	0	0	0	0	0	0	0	1	1	1	0	9
13:30:00	48600	13	7	0	269	8	5	0	256	1	0	0	1	0	0	0	0	0	0	0	1	4	2	0	11
13:35:00	48900	17	13	0	273	12	10	0	258	3	0	0	4	1	1	0	0	0	0	0	1	1	2	0	10
13:40:00	49200	8	5	0	276	4	4	0	258	2	1	0	5	0	0	0	0	0	0	0	1	2	0	0	12
13:45:00	49500	17	11	0	282	9	6	0	261	1	2	0	4	1	1	0	0	0	1	0	0	6	1	0	17
13:50:00	49800	33	15	0	300	21	12	0	270	9	2	0	11	0	0	0	0	0	0	0	0	3	1	0	19
13:55:00	50100	34	23	0	311	28	17	0	281	3	4	0	10	0	0	0	0	0	0	0	0	3	2	0	20
14:00:00	50400	32	16	0	327	18	7	0	292	3	4	0	9	1	1	0	0	0	0	0	0	10	4	0	26
14:05:00	50700	26	25	0	328	13	14	0	291	5	4	0	10	2	2	0	0	0	0	0	0	6	5	0	27
14:10:00	51000	23	13	0	338	14	4	0	301	6	6	0	10	0	0	0	0	0	0	0	0	3	3	0	27
14:15:00	51300	20	30	0	328	10	18	0	293	2	4	0	8	1	1	0	0	0	0	0	0	7	7	0	27
14:20:00	51600	24	28	0	324	13	16	0	290	6	5	0	9	2	2	0	0	0	0	0	0	3	5	0	25
14:25:00	51900	31	15	0	340	15	9	0	296	10	4	0	15	2	2	0	0	0	0	0	0	4	0	0	29
14:30:00	52200	22	22	0	340	10	13	0	293	5	5	0	15	2	2	0	0	0	0	0	0	5	2	0	32
14:35:00	52500	36	23	0	353	21	12	0	302	4	6	0	13	0	0	0	0	0	0	0	0	11	5	0	38
14:40:00	52800	25	32	0	346	16	15	0	303	4	6	0	11	2	2	0	0	0	0	0	0	3	9	0	32
14:45:00	53100	17	17	0	346	11	6	0	308	3	7	0	7	2	2	0	0	0	0	0	0	1	2	0	31
14:50:00	53400	30	29	0	347	19	18	0	309	0	3	0	4	1	1	0	0	0	0	0	0	10	7	0	34
14:55:00	53700	19	23	0	343	11	13	0	307	3	2	0	5	1	1	0	0	0	0	0	0	4	7	0	31
15:00:00	54000	20	28	0	335	10	18	0	299	3	4	0	4	1	1	0	0	0	0	0	0	6	5	0	32
15:05:00	54300	18	23	0	330	11	17	0	293	0	0	0	4	1	1	0	0	0	0	0	0	6	5	0	33
15:10:00	54600	22	28	0	324	17	21	0	289	0	2	0	2	0	0	0	0	0	0	0	0	5	5	0	33
15:15:00	54900	23	17	0	330	17	14	0	292	0	1	0	1	0	0	0	0	0	0	0	0	6	2	0	37
15:20:00	55200	25	25	0	330	23	21	0	294	0	0	0	1	0	0	0	0	0	0	0	0	2	4	0	35
15:25:00	55500	17	28	0	319	6	17	0	283	3	1	0	3	3	3	0	0	0	0	0	0	5	7	0	33
15:30:00	55800	23	20	0	322	8	11	0	280	0	0	0	3	1	1	0	0	0	0	0	0	14	8	0	39
15:35:00	56100	39	28	0	333	18	15	0	283	0	1	0	2	2	2	0	0	1	0	0	1	18	10	0	47
15:40:00	56400	42	27	0	348	23	14	0	292	0	0	0	2	0	0	0	0	0	0	0	1	19	13	0	53
15:45:00	56700	27	27	0	348	13	13	0	292	0	1	0	1	1	1	0	0	1	0	0	2	12	12	0	53
15:50:00	57000	38	39	0	347	23	17	0	298	0	0	0	1	0	0	0	0	0	0	0	2	15	22	0	46
15:55:00	57300	27	16	0	358	14	12	0	300	0	1	0	0	0	0	0	0	0	0	0	2	13	3	0	56
16:00:00	57600	27	38	0	347	6	23	0	283	9	1	0	8	1	1	0	0	0	0	0	2	11	13	0	54
16:05:00	57900	41	31	0	357	17	16	0	284	8	4	0	12	0	0	0	0	0	0	0	2	16	11	0	59
16:10:00	58200	37	39	0	355	11	13	0	282	8	7	0	13	1	1	0	0	0	1	0	1	17	17	0	59
16:15:00	58500	29	26	0	358	7	12	0	277	6	5	0	14	0	0	0	0	0	0	0	1	16	9	0	66
16:20:00	58800	44	33	0	369	21	14	0	284	9	6	0	17	1	1	0	0	0	0	0	1	13	12	0	67
16:25:00	59100	35	38	0	366	12	14	0	282	12	11	0	18	0	0	0	0	0	0	0	1	11	13	0	65
16:30:00	59400	47	35	0	378	19	12	0	289	9	6	0	21	3	3	0	0	1	0	0	2	15	14	0	66
16:35:00	59700	48	33	0	393	19	3	0	305	10	12	0	19	3	3	0	0	0	0	0	2	16	15	0	67
16:40:00	60000	40	30	0	403	19	11	0	313	6	2	0	23	1	1	0	0	0	0	0	2	14	16	0	65
16:45:00	60300	48	39	0	412	13	15	0	311	20	11	0	32	2	2	0	0	0	0	0	2	13	11	0	67
16:50:00	60600	46	54	0	404	20	17	0	314	14	17	0	29	1	1	0	0	0	0	0	2	11	19	0	59
16:55:00	60900	37	35	0	406	15	10	0	319	8	13	0	24	2	2	0	0	0	0	0	2	12	10	0	61
17:00:00	61200	47	31	0	422	26	12	0	333	8	5	0	27	0	0	0	0	0	0	0	2	13	14	0	60
17:05:00	61500	55	39	0	438	40	20	0	353	7	9	0	25	2	2	0	0	0	0	0	2	6	8	0	58
17:10:00	61800	54	45	0	447	21	20	0	354	13	7	0	31	3	3	0	0	0	0	0	2	17	15	0	60
17:15:00	62100	53	41	0	459	26	19	0	361	11	10	0	32	2	2	0	0	0	0	0	2	14	10	0	64
17:20:00	62400	44	34	0	469	30	13	0	378	3	10	0	25	2	2	0	0	0	0	0	2	9	9	0	64
17:25:00	62700	35	48	0	456	18	16	0	380	1	10	0	16	5	5	0	0	0	1	0	1	11	16	0	59
17:30:00	63000	19	31	0	444	18	16	0	382	0	5	0	11	1	1	0	0	0	0	0	1	0	9	0	50
17:35:00	63300	35	30	0	449	30	19	0	393	3	3	0	11	1	1	0	0	0	1	0	0	1	6	0	45
17:40:00	63600	17	22	0	444	14	16	0	391	2	2	0	11	0	0	0	0	0	0	0	0	1	4	0	42
17:45:00	63900	34	34	0	444	31	25	0	397	1	3	0	9	1	1	0	0	0	0	0	0	1	5	0	38
17:50:00	64200	28	31	0	441	26	20	0	403	0	2	0	7	1	1	0	0	0	0	0	0	1	8	0	31
17:55:00	64500	22	26	0	437	19	16	0	406	1	2	0	6	1	1	0	0	0	0	0	0	1	7	0	25
18:00:00	64800	20	32	0	425	20	26	0	400	0	0	0	6	0	0	0	0	0	0	0	0	0	6	0	19
18:05:00	65100	21	27	0	419	20	21	0	399	0	2	0	4	0	0	0	0	0	0	0	0	1	4	0	16
18:10:00	65400	11	28	0	402	11	24	0	386	0	0	0	4	0	0	0	0	0	0	0	0	0	4	0	12
18:15:00	65700	14	21	0	395	11	18	0	379	0	1	0	3	0	0	0	0	0	0	0	0	3	2	0	13
18:20:00	66000	20	18	0	397	17	16	0	380	0	0	0	3	0	0	0	0	0	0	0	0	3	2	0	14
18:25:00	66300	13	24	0	386	11	21	0	370	0	0	0	3	0	0	0	0	0	0	0	0	2	3	0	13
18:30:00	66600	16	23	0	379	13	21	0	362	1	1	0	3	1	1	0	0	0	0	0	0	1	0	0	14
18:35:00	66900	16	24	0	371	16	20	0	358	0	0	0	3	0	0	0	0	0	0	0	0	0	4	0	10
18:40:00	67200	15	19	0	367	15	19	0	354	0	0	0	3	0	0	0	0	0	0	0	0	0	0	0	10
18:45:00	67500	13	16	0	364	12	13	0	353	0	2	0	1	1	1	0	0	0	0	0	0	0	0	0	10
18:50:00	67800	7	17	0	354	7	15	0	345	0	0	0	1	0	0	0	0	0	0	0	0	0	2	0	8
18:55:00	68100	9	13	0	350	9	13	0	341	0	0	0	1	0	0	0	0	0	0	0	0	0	0	0	8
19:00:00	68400	22	19	0	353	19	16	0	344	0	0	0	1	2	2	0	0	0	0	0	0	1	1	0	8
19:05:00	68700	14	6	0	361	14	6	0	352	0	0	0	1	0	0	0	0	0	0	0	0	0	0	0	8
19:10:00	69000	13	21	0	353	12	21	0	343	0	0	0	1	0	0	0	0	0	0	0	0	1	0	0	9
19:15:00	69300	15	7	0	361	15	7	0	351	0	0	0	1	0	0	0	0	0	0	0	0	0	0	0	9
19:20:00	69600	14	22	0	353	13	21	0	343	0	0	0	1	0	0	0	0	0	0	0	0	1	1	0	9
19:25:00	69900	27	17	0	363	24	16	0	351	0	0	0	1	0	0	0	0	0	0	0	0	3	1	0	11
19:30:00	70200	17	17	0	363	15	16	0	350	0	0	0	1	0	0	0	0	0	0	0	0	2	1	0	12
19:35:00	70500	14	19	0	358	12	16	0	346	0	0	0	1	0	0	0	0	0	0	0	0	2	3	0	11
19:40:00	70800	8	16	0	350	7	14	0	339	0	0	0	1	1	1	0	0	0	0	0	0	0	1	0	10
19:45:00	71100	10	12	0	348	10	11	0	338	0	0	0	1	0	0	0	0	0	0	0	0	0	1	0	9
19:50:00	71400	9	8	0	349	9	7	0	340	0	0	0	1	0	0	0	0	0	0	0	0	0	1	0	8
19:55:00	71700	13	15	0	347	12	14	0	338	0	0	0	1	1	1	0	0	0	0	0	0	0	0	0	8
20:00:00	72000	5	10	0	342	5	10	0	333	0	0	0	1	0	0	0	0	0	0	0	0	0	0	0	8
20:05:00	72300	3	8	0	337	3	8	0	328	0	0	0	1	0	0	0	0	0	0	0	0	0	0	0	8
20:10:00	72600	5	11	0	331	5	11	0	322	0	0	0	1	0	0	0	0	0	0	0	0	0	0	0	8
20:15:00	72900	3	6	0	328	3	6	0	319	0	0	0	1	0	0	0	0	0	0	0	0	0	0	0	8
20:20:00	73200	6	10	0	324	6	9	0	316	0	1	0	0	0	0	0	0	0	0	0	0	0	0	0	8
20:25:00	73500	5	5	0	324	5	5	0	316	0	0	0	0	0	0	0	0	0	0	0	0	0	0	0	8
20:30:00	73800	2	5	0	321	2	5	0	313	0	0	0	0	0	0	0	0	0	0	0	0	0	0	0	8
20:35:00	74100	8	11	0	318	7	10	0	310	0	0	0	0	0	0	0	0	0	0	0	0	1	1	0	8
20:40:00	74400	4	6	0	316	3	5	0	308	0	0	0	0	0	0	0	0	0	0	0	0	1	1	0	8
20:45:00	74700	8	10	0	314	8	9	0	307	0	0	0	0	0	0	0	0	0	0	0	0	0	1	0	7
20:50:00	75000	4	6	0	312	2	3	0	306	0	0	0	0	0	0	0	0	0	0	0	0	2	3	0	6
20:55:00	75300	4	5	0	311	4	5	0	305	0	0	0	0	0	0	0	0	0	0	0	0	0	0	0	6
21:00:00	75600	6	7	0	310	6	6	0	305	0	0	0	0	0	0	0	0	0	0	0	0	0	1	0	5
21:05:00	75900	6	7	0	309	6	7	0	304	0	0	0	0	0	0	0	0	0	0	0	0	0	0	0	5
21:10:00	76200	3	5	0	307	3	5	0	302	0	0	0	0	0	0	0	0	0	0	0	0	0	0	0	5
21:15:00	76500	5	8	0	304	5	8	0	299	0	0	0	0	0	0	0	0	0	0	0	0	0	0	0	5
21:20:00	76800	0	1	0	303	0	1	0	298	0	0	0	0	0	0	0	0	0	0	0	0	0	0	0	5
21:25:00	77100	6	7	0	302	6	7	0	297	0	0	0	0	0	0	0	0	0	0	0	0	0	0	0	5
21:30:00	77400	1	3	0	300	1	3	0	295	0	0	0	0	0	0	0	0	0	0	0	0	0	0	0	5
21:35:00	77700	3	3	0	300	3	3	0	295	0	0	0	0	0	0	0	0	0	0	0	0	0	0	0	5
21:40:00	78000	7	9	0	298	6	7	0	294	0	0	0	0	1	1	0	0	0	0	0	0	0	1	0	4
21:45:00	78300	5	7	0	296	5	7	0	292	0	0	0	0	0	0	0	0	0	0	0	0	0	0	0	4
21:50:00	78600	1	2	0	295	1	2	0	291	0	0	0	0	0	0	0	0	0	0	0	0	0	0	0	4
21:55:00	78900	1	5	0	291	1	5	0	287	0	0	0	0	0	0	0	0	0	0	0	0	0	0	0	4
22:00:00	79200	4	5	0	290	4	4	0	287	0	0	0	0	0	0	0	0	0	0	0	0	0	1	0	3
22:05:00	79500	6	9	0	287	6	9	0	284	0	0	0	0	0	0	0	0	0	0	0	0	0	0	0	3
22:10:00	79800	2	2	0	287	2	2	0	284	0	0	0	0	0	0	0	0	0	0	0	0	0	0	0	3
22:15:00	80100	2	3	0	286	2	3	0	283	0	0	0	0	0	0	0	0	0	0	0	0	0	0	0	3
22:20:00	80400	5	6	0	285	5	6	0	282	0	0	0	0	0	0	0	0	0	0	0	0	0	0	0	3
22:25:00	80700	1	2	0	284	1	2	0	281	0	0	0	0	0	0	0	0	0	0	0	0	0	0	0	3
22:30:00	81000	7	8	0	283	7	8	0	280	0	0	0	0	0	0	0	0	0	0	0	0	0	0	0	3
22:35:00	81300	1	1	0	283	1	1	0	280	0	0	0	0	0	0	0	0	0	0	0	0	0	0	0	3
22:40:00	81600	3	3	0	283	3	3	0	280	0	0	0	0	0	0	0	0	0	0	0	0	0	0	0	3
22:45:00	81900	4	6	0	281	4	6	0	278	0	0	0	0	0	0	0	0	0	0	0	0	0	0	0	3
22:50:00	82200	6	7	0	280	6	7	0	277	0	0	0	0	0	0	0	0	0	0	0	0	0	0	0	3
22:55:00	82500	3	4	0	279	3	4	0	276	0	0	0	0	0	0	0	0	0	0	0	0	0	0	0	3
23:00:00	82800	2	6	0	275	2	5	0	273	0	0	0	0	0	0	0	0	0	0	0	0	0	1	0	2
23:05:00	83100	5	6	0	274	4	6	0	271	0	0	0	0	0	0	0	0	0	0	0	0	1	0	0	3
23:10:00	83400	3	6	0	271	3	6	0	268	0	0	0	0	0	0	0	0	0	0	0	0	0	0	0	3
23:15:00	83700	2	4	0	269	2	4	0	266	0	0	0	0	0	0	0	0	0	0	0	0	0	0	0	3
23:20:00	84000	0	2	0	267	0	2	0	264	0	0	0	0	0	0	0	0	0	0	0	0	0	0	0	3
23:25:00	84300	4	6	0	265	4	6	0	262	0	0	0	0	0	0	0	0	0	0	0	0	0	0	0	3
23:30:00	84600	4	5	0	264	4	5	0	261	0	0	0	0	0	0	0	0	0	0	0	0	0	0	0	3
23:35:00	84900	1	4	0	261	1	4	0	258	0	0	0	0	0	0	0	0	0	0	0	0	0	0	0	3
23:40:00	85200	3	3	0	261	3	3	0	258	0	0	0	0	0	0	0	0	0	0	0	0	0	0	0	3
23:45:00	85500	6	6	0	261	5	6	0	257	0	0	0	0	0	0	0	0	0	0	0	0	1	0	0	4
23:50:00	85800	3	7	0	257	2	5	0	254	0	0	0	0	0	0	0	0	0	0	0	0	1	2	0	3
23:55:00	86100	2	5	0	254	2	5	0	251	0	0	0	0	0	0	0	0	0	0	0	0	0	0	0	3
24:00:00	86400	4	4	0	254	4	4	0	251	0	0	0	0	0	0	0	0	0	0	0	0	0	0	0	3
24:05:00	86700	1	4	0	251	1	4	0	248	0	0	0	0	0	0	0	0	0	0	0	0	0	0	0	3
24:10:00	87000	2	2	0	251	2	2	0	248	0	0	0	0	0	0	0	0	0	0	0	0	0	0	0	3
24:15:00	87300	2	4	0	249	2	4	0	246	0	0	0	0	0	0	0	0	0	0	0	0	0	0	0	3
24:20:00	87600	6	6	0	249	6	6	0	246	0	0	0	0	0	0	0	0	0	0	0	0	0	0	0	3
24:25:00	87900	3	4	0	248	3	4	0	245	0	0	0	0	0	0	0	0	0	0	0	0	0	0	0	3
24:30:00	88200	3	4	0	247	3	4	0	244	0	0	0	0	0	0	0	0	0	0	0	0	0	0	0	3
24:35:00	88500	2	5	0	244	2	5	0	241	0	0	0	0	0	0	0	0	0	0	0	0	0	0	0	3
24:40:00	88800	4	5	0	243	4	5	0	240	0	0	0	0	0	0	0	0	0	0	0	0	0	0	0	3
24:45:00	89100	4	7	0	240	4	7	0	237	0	0	0	0	0	0	0	0	0	0	0	0	0	0	0	3
24:50:00	89400	4	6	0	238	4	6	0	235	0	0	0	0	0	0	0	0	0	0	0	0	0	0	0	3
24:55:00	89700	3	6	0	235	3	6	0	232	0	0	0	0	0	0	0	0	0	0	0	0	0	0	0	3
25:00:00	90000	4	6	0	233	4	6	0	230	0	0	0	0	0	0	0	0	0	0	0	0	0	0	0	3
25:05:00	90300	4	6	0	231	4	6	0	228	0	0	0	0	0	0	0	0	0	0	0	0	0	0	0	3
25:10:00	90600	2	4	0	229	2	4	0	226	0	0	0	0	0	0	0	0	0	0	0	0	0	0	0	3
25:15:00	90900	4	5	0	228	4	5	0	225	0	0	0	0	0	0	0	0	0	0	0	0	0	0	0	3
25:20:00	91200	7	11	0	224	5	9	0	221	0	0	0	0	1	1	0	0	0	0	0	0	1	1	0	3
25:25:00	91500	5	6	1	222	4	5	0	220	0	0	0	0	0	0	0	0	1	0	1	0	0	1	0	2
25:30:00	91800	5	6	0	221	5	6	0	219	0	0	0	0	0	0	0	0	0	0	0	0	0	0	0	2
25:35:00	92100	1	3	0	219	1	3	0	217	0	0	0	0	0	0	0	0	0	0	0	0	0	0	0	2
25:40:00	92400	5	5	0	219	5	5	0	217	0	0	0	0	0	0	0	0	0	0	0	0	0	0	0	2
25:45:00	92700	1	1	0	219	1	1	0	217	0	0	0	0	0	0	0	0	0	0	0	0	0	0	0	2
25:50:00	93000	7	8	0	218	7	8	0	216	0	0	0	0	0	0	0	0	0	0	0	0	0	0	0	2
25:55:00	93300	1	3	0	216	1	3	0	214	0	0	0	0	0	0	0	0	0	0	0	0	0	0	0	2
26:00:00	93600	4	5	0	215	4	5	0	213	0	0	0	0	0	0	0	0	0	0	0	0	0	0	0	2
26:05:00	93900	1	2	0	214	1	2	0	212	0	0	0	0	0	0	0	0	0	0	0	0	0	0	0	2
26:10:00	94200	2	4	0	212	2	4	0	210	0	0	0	0	0	0	0	0	0	0	0	0	0	0	0	2
26:15:00	94500	3	3	0	212	3	3	0	210	0	0	0	0	0	0	0	0	0	0	0	0	0	0	0	2
26:20:00	94800	2	2	0	212	2	2	0	210	0	0	0	0	0	0	0	0	0	0	0	0	0	0	0	2
26:25:00	95100	2	2	0	212	2	2	0	210	0	0	0	0	0	0	0	0	0	0	0	0	0	0	0	2
26:30:00	95400	1	3	0	210	1	2	0	209	0	0	0	0	0	0	0	0	0	0	0	0	0	1	0	1
26:35:00	95700	2	2	0	210	2	2	0	209	0	0	0	0	0	0	0	0	0	0	0	0	0	0	0	1
26:40:00	96000	7	8	0	209	7	8	0	208	0	0	0	0	0	0	0	0	0	0	0	0	0	0	0	1
26:45:00	96300	0	0	0	209	0	0	0	208	0	0	0	0	0	0	0	0	0	0	0	0	0	0	0	1
26:50:00	96600	4	5	0	208	4	5	0	207	0	0	0	0	0	0	0	0	0	0	0	0	0	0	0	1
26:55:00	96900	1	2	0	207	1	2	0	206	0	0	0	0	0	0	0	0	0	0	0	0	0	0	0	1
27:00:00	97200	6	7	0	206	6	7	0	205	0	0	0	0	0	0	0	0	0	0	0	0	0	0	0	1
27:05:00	97500	6	7	0	205	6	7	0	204	0	0	0	0	0	0	0	0	0	0	0	0	0	0	0	1
27:10:00	97800	2	2	0	205	2	2	0	204	0	0	0	0	0	0	0	0	0	0	0	0	0	0	0	1
27:15:00	98100	5	6	0	204	5	6	0	203	0	0	0	0	0	0	0	0	0	0	0	0	0	0	0	1
27:20:00	98400	1	1	0	204	1	1	0	203	0	0	0	0	0	0	0	0	0	0	0	0	0	0	0	1
27:25:00	98700	1	5	0	200	1	5	0	199	0	0	0	0	0	0	0	0	0	0	0	0	0	0	0	1
27:30:00	99000	3	5	0	198	3	5	0	197	0	0	0	0	0	0	0	0	0	0	0	0	0	0	0	1
27:35:00	99300	2	4	0	196	2	4	0	195	0	0	0	0	0	0	0	0	0	0	0	0	0	0	0	1
27:40:00	99600	2	3	0	195	2	3	0	194	0	0	0	0	0	0	0	0	0	0	0	0	0	0	0	1
27:45:00	99900	4	5	0	194	4	5	0	193	0	0	0	0	0	0	0	0	0	0	0	0	0	0	0	1
27:50:00	100200	4	8	0	190	4	8	0	189	0	0	0	0	0	0	0	0	0	0	0	0	0	0	0	1
27:55:00	100500	1	1	0	190	1	1	0	189	0	0	0	0	0	0	0	0	0	0	0	0	0	0	0	1
28:00:00	100800	3	3	0	190	3	3	0	189	0	0	0	0	0	0	0	0	0	0	0	0	0	0	0	1
28:05:00	101100	3	3	0	190	3	3	0	189	0	0	0	0	0	0	0	0	0	0	0	0	0	0	0	1
28:10:00	101400	1	5	0	186	1	5	0	185	0	0	0	0	0	0	0	0	0	0	0	0	0	0	0	1
28:15:00	101700	3	4	0	185	3	4	0	184	0	0	0	0	0	0	0	0	0	0	0	0	0	0	0	1
28:20:00	102000	5	5	0	185	5	5	0	184	0	0	0	0	0	0	0	0	0	0	0	0	0	0	0	1
28:25:00	102300	5	5	0	185	5	5	0	184	0	0	0	0	0	0	0	0	0	0	0	0	0	0	0	1
28:30:00	102600	3	5	0	183	2	5	0	181	0	0	0	0	0	0	0	0	0	0	0	0	1	0	0	2
28:35:00	102900	2	4	0	181	2	4	0	179	0	0	0	0	0	0	0	0	0	0	0	0	0	0	0	2
28:40:00	103200	2	2	0	181	2	2	0	179	0	0	0	0	0	0	0	0	0	0	0	0	0	0	0	2
28:45:00	103500	1	1	0	181	1	1	0	179	0	0	0	0	0	0	0	0	0	0	0	0	0	0	0	2
28:50:00	103800	1	2	0	180	1	2	0	178	0	0	0	0	0	0	0	0	0	0	0	0	0	0	0	2
28:55:00	104100	3	6	0	177	3	6	0	175	0	0	0	0	0	0	0	0	0	0	0	0	0	0	0	2
29:00:00	104400	4	5	0	176	4	5	0	174	0	0	0	0	0	0	0	0	0	0	0	0	0	0	0	2
29:05:00	104700	2	3	0	175	2	3	0	173	0	0	0	0	0	0	0	0	0	0	0	0	0	0	0	2
29:10:00	105000	2	3	0	174	2	3	0	172	0	0	0	0	0	0	0	0	0	0	0	0	0	0	0	2
29:15:00	105300	1	4	0	171	1	4	0	169	0	0	0	0	0	0	0	0	0	0	0	0	0	0	0	2
29:20:00	105600	8	12	0	167	5	9	0	165	0	0	0	0	3	3	0	0	0	0	0	0	0	0	0	2
29:25:00	105900	3	4	0	166	3	4	0	164	0	0	0	0	0	0	0	0	0	0	0	0	0	0	0	2
29:30:00	106200	2	4	0	164	2	4	0	162	0	0	0	0	0	0	0	0	0	0	0	0	0	0	0	2
29:35:00	106500	3	5	0	162	3	5	0	160	0	0	0	0	0	0	0	0	0	0	0	0	0	0	0	2
29:40:00	106800	2	5	0	159	2	5	0	157	0	0	0	0	0	0	0	0	0	0	0	0	0	0	0	2
29:45:00	107100	0	2	0	157	0	1	0	156	0	0	0	0	0	0	0	0	0	0	0	0	0	1	0	1
29:50:00	107400	2	3	0	156	2	3	0	155	0	0	0	0	0	0	0	0	0	0	0	0	0	0	0	1
29:55:00	107700	1	6	0	151	1	6	0	150	0	0	0	0	0	0	0	0	0	0	0	0	0	0	0	1
30:00:00	108000	0	0	151	0	0	0	150	0	0	0	0	0	0	0	0	0	0	0	0	0	0	0	1	0
30:05:00	108300	0	0	0	0	0	0	0	0	0	0	0	0	0	0	0	0	0	0	0	0	0	0	0	0
