Iteration	car_travel	car_wait	car_passenger_travel	car_passenger_wait	pt_travel	pt_wait	stageActivity_travel	stageActivity_wait	walk_travel	walk_wait
0	2255.964722222222	0.0	128.41583333333332	0.0	847.6163888888889	0.0	0.0	0.0	2751.1711111111113	0.0
1	2159.555277777778	0.0	129.2861111111111	0.0	914.8427777777778	0.0	0.0	0.0	2771.6008333333334	0.0
2	2088.2955555555554	0.0	130.30083333333334	0.0	969.9655555555555	0.0	0.0	0.0	2813.5180555555557	0.0
3	2022.6141666666667	0.0	131.0363888888889	0.0	1007.2336111111111	0.0	0.0	0.0	2802.298333333333	0.0
4	1926.5755555555556	0.0	132.4152777777778	0.0	1063.7383333333332	0.0	0.0	0.0	2854.340833333333	0.0
5	1857.0908333333334	0.0	132.97805555555556	0.0	1100.628611111111	0.0	0.0	0.0	2897.1055555555554	0.0
6	1784.315	0.0	133.6663888888889	0.0	1151.6055555555556	0.0	0.0	0.0	2940.4305555555557	0.0
7	1741.631388888889	0.0	134.02055555555555	0.0	1183.1827777777778	0.0	0.0	0.0	2920.5866666666666	0.0
8	1700.5675	0.0	134.99527777777777	0.0	1219.4766666666667	0.0	0.0	0.0	2941.1419444444446	0.0
9	1669.9747222222222	0.0	135.68555555555557	0.0	1252.525	0.0	0.0	0.0	2968.4305555555557	0.0
10	1654.496388888889	0.0	136.16583333333332	0.0	1290.8938888888888	0.0	0.0	0.0	2963.981388888889	0.0
11	1629.8461111111112	0.0	136.31833333333333	0.0	1316.3191666666667	0.0	0.0	0.0	2971.7816666666668	0.0
12	1586.9263888888888	0.0	136.63444444444445	0.0	1366.306388888889	0.0	0.0	0.0	3034.6444444444446	0.0
13	1571.9033333333334	0.0	137.02833333333334	0.0	1403.0197222222223	0.0	0.0	0.0	3098.2252777777776	0.0
14	1537.8441666666668	0.0	137.3502777777778	0.0	1420.4477777777777	0.0	0.0	0.0	3168.427777777778	0.0
15	1516.9527777777778	0.0	137.70666666666668	0.0	1455.4252777777779	0.0	0.0	0.0	3204.5988888888887	0.0
16	1511.9055555555556	0.0	138.30638888888888	0.0	1489.5575	0.0	0.0	0.0	3231.075	0.0
17	1501.8861111111112	0.0	138.51388888888889	0.0	1520.006111111111	0.0	0.0	0.0	3237.843611111111	0.0
18	1498.7691666666667	0.0	138.70888888888888	0.0	1534.8375	0.0	0.0	0.0	3263.2683333333334	0.0
19	1493.878888888889	0.0	138.78472222222223	0.0	1547.7730555555556	0.0	0.0	0.0	3255.4772222222223	0.0
20	1482.401388888889	0.0	139.38361111111112	0.0	1573.6991666666668	0.0	0.0	0.0	3242.8277777777776	0.0
21	1474.5266666666666	0.0	139.43833333333333	0.0	1586.8166666666666	0.0	0.0	0.0	3241.5630555555554	0.0
22	1469.5119444444445	0.0	139.5361111111111	0.0	1598.9194444444445	0.0	0.0	0.0	3242.3141666666666	0.0
23	1462.0194444444444	0.0	139.93583333333333	0.0	1638.9733333333334	0.0	0.0	0.0	3236.4205555555554	0.0
24	1470.6519444444446	0.0	140.10194444444446	0.0	1640.6958333333334	0.0	0.0	0.0	3219.256388888889	0.0
25	1461.2830555555556	0.0	140.4752777777778	0.0	1660.006111111111	0.0	0.0	0.0	3227.8519444444446	0.0
26	1452.19	0.0	140.64694444444444	0.0	1690.8666666666666	0.0	0.0	0.0	3227.0394444444446	0.0
27	1447.8794444444445	0.0	140.73555555555555	0.0	1696.2097222222221	0.0	0.0	0.0	3249.277222222222	0.0
28	1457.3619444444444	0.0	140.96722222222223	0.0	1709.6941666666667	0.0	0.0	0.0	3226.1405555555557	0.0
29	1457.8308333333334	0.0	141.45083333333332	0.0	1735.4602777777777	0.0	0.0	0.0	3218.958888888889	0.0
30	1458.295	0.0	141.5336111111111	0.0	1746.3397222222222	0.0	0.0	0.0	3214.007222222222	0.0
31	1452.2066666666667	0.0	141.72944444444445	0.0	1762.3438888888888	0.0	0.0	0.0	3211.7805555555556	0.0
32	1452.0075	0.0	142.11333333333334	0.0	1765.0955555555556	0.0	0.0	0.0	3205.0769444444445	0.0
33	1439.8280555555555	0.0	142.11416666666668	0.0	1772.786388888889	0.0	0.0	0.0	3215.7366666666667	0.0
34	1444.4166666666667	0.0	142.31416666666667	0.0	1771.9891666666667	0.0	0.0	0.0	3211.0333333333333	0.0
35	1444.651111111111	0.0	142.43944444444443	0.0	1780.9458333333334	0.0	0.0	0.0	3201.0275	0.0
36	1439.8208333333334	0.0	142.39166666666668	0.0	1795.8758333333333	0.0	0.0	0.0	3217.470277777778	0.0
37	1434.0805555555555	0.0	142.6772222222222	0.0	1810.868611111111	0.0	0.0	0.0	3217.070833333333	0.0
38	1422.1452777777777	0.0	142.6825	0.0	1832.0158333333334	0.0	0.0	0.0	3235.757222222222	0.0
39	1429.665	0.0	142.70944444444444	0.0	1840.0380555555555	0.0	0.0	0.0	3244.7347222222224	0.0
40	1416.1441666666667	0.0	142.69333333333333	0.0	1858.6725	0.0	0.0	0.0	3238.978888888889	0.0
41	1409.3672222222222	0.0	142.77944444444444	0.0	1879.881388888889	0.0	0.0	0.0	3245.5308333333332	0.0
42	1411.7694444444444	0.0	142.8438888888889	0.0	1883.8230555555556	0.0	0.0	0.0	3247.543888888889	0.0
43	1405.5602777777779	0.0	142.86194444444445	0.0	1891.528611111111	0.0	0.0	0.0	3249.0391666666665	0.0
44	1407.943888888889	0.0	142.85	0.0	1890.4744444444445	0.0	0.0	0.0	3247.0205555555553	0.0
45	1404.201111111111	0.0	143.01777777777778	0.0	1900.53	0.0	0.0	0.0	3225.637222222222	0.0
46	1397.6133333333332	0.0	143.0025	0.0	1902.7183333333332	0.0	0.0	0.0	3224.551388888889	0.0
47	1388.9155555555556	0.0	142.99138888888888	0.0	1907.7966666666666	0.0	0.0	0.0	3224.8733333333334	0.0
48	1394.7241666666666	0.0	142.99	0.0	1914.456111111111	0.0	0.0	0.0	3223.282777777778	0.0
49	1392.5780555555555	0.0	143.11111111111111	0.0	1915.6647222222223	0.0	0.0	0.0	3228.972777777778	0.0
50	1383.5658333333333	0.0	143.08416666666668	0.0	1921.3672222222222	0.0	0.0	0.0	3236.486388888889	0.0
51	1381.2808333333332	0.0	143.03861111111112	0.0	1932.1947222222223	0.0	0.0	0.0	3245.5858333333335	0.0
52	1378.8166666666666	0.0	143.14222222222222	0.0	1935.3597222222222	0.0	0.0	0.0	3260.1216666666664	0.0
53	1377.8894444444445	0.0	143.1436111111111	0.0	1937.7708333333333	0.0	0.0	0.0	3268.2183333333332	0.0
54	1377.4044444444444	0.0	143.145	0.0	1946.4677777777779	0.0	0.0	0.0	3261.3519444444446	0.0
55	1378.5047222222222	0.0	143.19333333333333	0.0	1947.5808333333334	0.0	0.0	0.0	3258.9419444444443	0.0
56	1374.858611111111	0.0	143.20194444444445	0.0	1946.5102777777777	0.0	0.0	0.0	3262.911111111111	0.0
57	1374.8797222222222	0.0	143.2461111111111	0.0	1954.4069444444444	0.0	0.0	0.0	3262.2052777777776	0.0
58	1374.2086111111112	0.0	143.24305555555554	0.0	1953.8291666666667	0.0	0.0	0.0	3263.9491666666668	0.0
59	1373.5619444444444	0.0	143.23722222222221	0.0	1955.9466666666667	0.0	0.0	0.0	3265.003888888889	0.0
60	1372.5041666666666	0.0	143.22722222222222	0.0	1956.6419444444443	0.0	0.0	0.0	3258.136388888889	0.0
