time	time	departures_all	arrivals_all	stuck_all	en-route_all	departures_car	arrivals_car	stuck_car	en-route_car	departures_car_passenger	arrivals_car_passenger	stuck_car_passenger	en-route_car_passenger	departures_pt	arrivals_pt	stuck_pt	en-route_pt	departures_walk	arrivals_walk	stuck_walk	en-route_walk
00:00:00	0	0	0	0	0	0	0	0	0	0	0	0	0	0	0	0	0	0	0	0	0
00:05:00	300	0	0	0	0	0	0	0	0	0	0	0	0	0	0	0	0	0	0	0	0
00:10:00	600	0	0	0	0	0	0	0	0	0	0	0	0	0	0	0	0	0	0	0	0
00:15:00	900	0	0	0	0	0	0	0	0	0	0	0	0	0	0	0	0	0	0	0	0
00:20:00	1200	0	0	0	0	0	0	0	0	0	0	0	0	0	0	0	0	0	0	0	0
00:25:00	1500	0	0	0	0	0	0	0	0	0	0	0	0	0	0	0	0	0	0	0	0
00:30:00	1800	0	0	0	0	0	0	0	0	0	0	0	0	0	0	0	0	0	0	0	0
00:35:00	2100	0	0	0	0	0	0	0	0	0	0	0	0	0	0	0	0	0	0	0	0
00:40:00	2400	0	0	0	0	0	0	0	0	0	0	0	0	0	0	0	0	0	0	0	0
00:45:00	2700	0	0	0	0	0	0	0	0	0	0	0	0	0	0	0	0	0	0	0	0
00:50:00	3000	0	0	0	0	0	0	0	0	0	0	0	0	0	0	0	0	0	0	0	0
00:55:00	3300	0	0	0	0	0	0	0	0	0	0	0	0	0	0	0	0	0	0	0	0
01:00:00	3600	0	0	0	0	0	0	0	0	0	0	0	0	0	0	0	0	0	0	0	0
01:05:00	3900	0	0	0	0	0	0	0	0	0	0	0	0	0	0	0	0	0	0	0	0
01:10:00	4200	0	0	0	0	0	0	0	0	0	0	0	0	0	0	0	0	0	0	0	0
01:15:00	4500	0	0	0	0	0	0	0	0	0	0	0	0	0	0	0	0	0	0	0	0
01:20:00	4800	0	0	0	0	0	0	0	0	0	0	0	0	0	0	0	0	0	0	0	0
01:25:00	5100	0	0	0	0	0	0	0	0	0	0	0	0	0	0	0	0	0	0	0	0
01:30:00	5400	0	0	0	0	0	0	0	0	0	0	0	0	0	0	0	0	0	0	0	0
01:35:00	5700	0	0	0	0	0	0	0	0	0	0	0	0	0	0	0	0	0	0	0	0
01:40:00	6000	0	0	0	0	0	0	0	0	0	0	0	0	0	0	0	0	0	0	0	0
01:45:00	6300	0	0	0	0	0	0	0	0	0	0	0	0	0	0	0	0	0	0	0	0
01:50:00	6600	0	0	0	0	0	0	0	0	0	0	0	0	0	0	0	0	0	0	0	0
01:55:00	6900	0	0	0	0	0	0	0	0	0	0	0	0	0	0	0	0	0	0	0	0
02:00:00	7200	0	0	0	0	0	0	0	0	0	0	0	0	0	0	0	0	0	0	0	0
02:05:00	7500	0	0	0	0	0	0	0	0	0	0	0	0	0	0	0	0	0	0	0	0
02:10:00	7800	0	0	0	0	0	0	0	0	0	0	0	0	0	0	0	0	0	0	0	0
02:15:00	8100	0	0	0	0	0	0	0	0	0	0	0	0	0	0	0	0	0	0	0	0
02:20:00	8400	0	0	0	0	0	0	0	0	0	0	0	0	0	0	0	0	0	0	0	0
02:25:00	8700	0	0	0	0	0	0	0	0	0	0	0	0	0	0	0	0	0	0	0	0
02:30:00	9000	0	0	0	0	0	0	0	0	0	0	0	0	0	0	0	0	0	0	0	0
02:35:00	9300	0	0	0	0	0	0	0	0	0	0	0	0	0	0	0	0	0	0	0	0
02:40:00	9600	0	0	0	0	0	0	0	0	0	0	0	0	0	0	0	0	0	0	0	0
02:45:00	9900	0	0	0	0	0	0	0	0	0	0	0	0	0	0	0	0	0	0	0	0
02:50:00	10200	0	0	0	0	0	0	0	0	0	0	0	0	0	0	0	0	0	0	0	0
02:55:00	10500	0	0	0	0	0	0	0	0	0	0	0	0	0	0	0	0	0	0	0	0
03:00:00	10800	0	0	0	0	0	0	0	0	0	0	0	0	0	0	0	0	0	0	0	0
03:05:00	11100	0	0	0	0	0	0	0	0	0	0	0	0	0	0	0	0	0	0	0	0
03:10:00	11400	0	0	0	0	0	0	0	0	0	0	0	0	0	0	0	0	0	0	0	0
03:15:00	11700	0	0	0	0	0	0	0	0	0	0	0	0	0	0	0	0	0	0	0	0
03:20:00	12000	0	0	0	0	0	0	0	0	0	0	0	0	0	0	0	0	0	0	0	0
03:25:00	12300	0	0	0	0	0	0	0	0	0	0	0	0	0	0	0	0	0	0	0	0
03:30:00	12600	0	0	0	0	0	0	0	0	0	0	0	0	0	0	0	0	0	0	0	0
03:35:00	12900	0	0	0	0	0	0	0	0	0	0	0	0	0	0	0	0	0	0	0	0
03:40:00	13200	0	0	0	0	0	0	0	0	0	0	0	0	0	0	0	0	0	0	0	0
03:45:00	13500	0	0	0	0	0	0	0	0	0	0	0	0	0	0	0	0	0	0	0	0
03:50:00	13800	0	0	0	0	0	0	0	0	0	0	0	0	0	0	0	0	0	0	0	0
03:55:00	14100	0	0	0	0	0	0	0	0	0	0	0	0	0	0	0	0	0	0	0	0
04:00:00	14400	0	0	0	0	0	0	0	0	0	0	0	0	0	0	0	0	0	0	0	0
04:05:00	14700	0	0	0	0	0	0	0	0	0	0	0	0	0	0	0	0	0	0	0	0
04:10:00	15000	0	0	0	0	0	0	0	0	0	0	0	0	0	0	0	0	0	0	0	0
04:15:00	15300	0	0	0	0	0	0	0	0	0	0	0	0	0	0	0	0	0	0	0	0
04:20:00	15600	0	0	0	0	0	0	0	0	0	0	0	0	0	0	0	0	0	0	0	0
04:25:00	15900	0	0	0	0	0	0	0	0	0	0	0	0	0	0	0	0	0	0	0	0
04:30:00	16200	0	0	0	0	0	0	0	0	0	0	0	0	0	0	0	0	0	0	0	0
04:35:00	16500	0	0	0	0	0	0	0	0	0	0	0	0	0	0	0	0	0	0	0	0
04:40:00	16800	0	0	0	0	0	0	0	0	0	0	0	0	0	0	0	0	0	0	0	0
04:45:00	17100	0	0	0	0	0	0	0	0	0	0	0	0	0	0	0	0	0	0	0	0
04:50:00	17400	0	0	0	0	0	0	0	0	0	0	0	0	0	0	0	0	0	0	0	0
04:55:00	17700	0	0	0	0	0	0	0	0	0	0	0	0	0	0	0	0	0	0	0	0
05:00:00	18000	0	0	0	0	0	0	0	0	0	0	0	0	0	0	0	0	0	0	0	0
05:05:00	18300	0	0	0	0	0	0	0	0	0	0	0	0	0	0	0	0	0	0	0	0
05:10:00	18600	0	0	0	0	0	0	0	0	0	0	0	0	0	0	0	0	0	0	0	0
05:15:00	18900	0	0	0	0	0	0	0	0	0	0	0	0	0	0	0	0	0	0	0	0
05:20:00	19200	0	0	0	0	0	0	0	0	0	0	0	0	0	0	0	0	0	0	0	0
05:25:00	19500	0	0	0	0	0	0	0	0	0	0	0	0	0	0	0	0	0	0	0	0
05:30:00	19800	0	0	0	0	0	0	0	0	0	0	0	0	0	0	0	0	0	0	0	0
05:35:00	20100	0	0	0	0	0	0	0	0	0	0	0	0	0	0	0	0	0	0	0	0
05:40:00	20400	0	0	0	0	0	0	0	0	0	0	0	0	0	0	0	0	0	0	0	0
05:45:00	20700	0	0	0	0	0	0	0	0	0	0	0	0	0	0	0	0	0	0	0	0
05:50:00	21000	0	0	0	0	0	0	0	0	0	0	0	0	0	0	0	0	0	0	0	0
05:55:00	21300	0	0	0	0	0	0	0	0	0	0	0	0	0	0	0	0	0	0	0	0
06:00:00	21600	4	0	0	4	4	0	0	4	0	0	0	0	0	0	0	0	0	0	0	0
06:05:00	21900	4	1	0	7	4	1	0	7	0	0	0	0	0	0	0	0	0	0	0	0
06:10:00	22200	3	1	0	9	3	1	0	9	0	0	0	0	0	0	0	0	0	0	0	0
06:15:00	22500	1	3	0	7	1	3	0	7	0	0	0	0	0	0	0	0	0	0	0	0
06:20:00	22800	4	1	0	10	4	1	0	10	0	0	0	0	0	0	0	0	0	0	0	0
06:25:00	23100	6	3	0	13	6	3	0	13	0	0	0	0	0	0	0	0	0	0	0	0
06:30:00	23400	42	3	0	52	41	3	0	51	0	0	0	0	0	0	0	0	1	0	0	1
06:35:00	23700	37	16	0	73	36	15	0	72	0	0	0	0	0	0	0	0	1	1	0	1
06:40:00	24000	33	13	0	93	33	12	0	93	0	0	0	0	0	0	0	0	0	1	0	0
06:45:00	24300	31	10	0	114	31	10	0	114	0	0	0	0	0	0	0	0	0	0	0	0
06:50:00	24600	39	27	0	126	34	26	0	122	0	0	0	0	0	0	0	0	5	1	0	4
06:55:00	24900	75	26	0	175	69	25	0	166	0	0	0	0	0	0	0	0	6	1	0	9
07:00:00	25200	63	28	0	210	56	28	0	194	0	0	0	0	0	0	0	0	7	0	0	16
07:05:00	25500	57	26	0	241	46	23	0	217	0	0	0	0	0	0	0	0	11	3	0	24
07:10:00	25800	61	43	0	259	52	33	0	236	0	0	0	0	2	0	0	2	7	10	0	21
07:15:00	26100	84	42	0	301	73	37	0	272	0	0	0	0	0	0	0	2	11	5	0	27
07:20:00	26400	72	44	0	329	66	40	0	298	0	0	0	0	1	0	0	3	5	4	0	28
07:25:00	26700	104	48	0	385	87	38	0	347	0	0	0	0	4	0	0	7	13	10	0	31
07:30:00	27000	66	47	0	404	58	42	0	363	0	0	0	0	0	3	0	4	8	2	0	37
07:35:00	27300	80	55	0	429	67	50	0	380	0	0	0	0	1	0	0	5	12	5	0	44
07:40:00	27600	83	54	0	458	76	46	0	410	0	0	0	0	0	0	0	5	7	8	0	43
07:45:00	27900	86	76	0	468	73	68	0	415	0	0	0	0	3	0	0	8	10	8	0	45
07:50:00	28200	95	53	0	510	90	42	0	463	0	0	0	0	2	2	0	8	3	9	0	39
07:55:00	28500	90	67	0	533	75	56	0	482	12	1	0	11	2	0	0	10	1	10	0	30
08:00:00	28800	102	70	0	565	78	60	0	500	24	8	0	27	0	0	0	10	0	2	0	28
08:05:00	29100	94	76	0	583	77	61	0	516	17	11	0	33	0	0	0	10	0	4	0	24
08:10:00	29400	118	77	0	624	87	59	0	544	26	13	0	46	2	3	0	9	3	2	0	25
08:15:00	29700	86	89	0	621	71	64	0	551	14	18	0	42	0	0	0	9	1	7	0	19
08:20:00	30000	99	65	0	655	83	47	0	587	16	18	0	40	0	0	0	9	0	0	0	19
08:25:00	30300	91	66	0	680	71	56	0	602	20	10	0	50	0	0	0	9	0	0	0	19
08:30:00	30600	83	79	0	684	60	61	0	601	21	14	0	57	1	1	0	9	1	3	0	17
08:35:00	30900	56	70	0	670	48	48	0	601	8	22	0	43	0	0	0	9	0	0	0	17
08:40:00	31200	80	64	0	686	55	46	0	610	24	16	0	51	1	0	0	10	0	2	0	15
08:45:00	31500	93	74	0	705	54	52	0	612	39	21	0	69	0	0	0	10	0	1	0	14
08:50:00	31800	59	55	0	709	46	39	0	619	13	16	0	66	0	0	0	10	0	0	0	14
08:55:00	32100	68	76	0	701	50	53	0	616	18	23	0	61	0	0	0	10	0	0	0	14
09:00:00	32400	73	66	0	708	63	50	0	629	4	13	0	52	1	0	0	11	5	3	0	16
09:05:00	32700	54	65	0	697	42	46	0	625	6	14	0	44	0	0	0	11	6	5	0	17
09:10:00	33000	46	59	0	684	41	42	0	624	3	14	0	33	0	0	0	11	2	3	0	16
09:15:00	33300	49	60	0	673	43	50	0	617	2	9	0	26	0	0	0	11	4	1	0	19
09:20:00	33600	38	58	0	653	33	47	0	603	2	10	0	18	0	0	0	11	3	1	0	21
09:25:00	33900	53	63	0	643	38	53	0	588	4	2	0	20	0	1	0	10	11	7	0	25
09:30:00	34200	41	39	0	645	28	26	0	590	1	6	0	15	0	2	0	8	12	5	0	32
09:35:00	34500	49	58	0	636	38	50	0	578	8	4	0	19	0	0	0	8	3	4	0	31
09:40:00	34800	39	53	0	622	29	41	0	566	2	5	0	16	0	1	0	7	8	6	0	33
09:45:00	35100	50	73	0	599	36	52	0	550	0	6	0	10	0	0	0	7	14	15	0	32
09:50:00	35400	41	53	0	587	34	38	0	546	0	6	0	4	0	0	0	7	7	9	0	30
09:55:00	35700	53	63	0	577	46	53	0	539	0	1	0	3	0	0	0	7	7	9	0	28
10:00:00	36000	63	52	0	588	33	35	0	537	0	2	0	1	0	1	0	6	30	14	0	44
10:05:00	36300	59	53	0	594	38	40	0	535	0	0	0	1	0	0	0	6	21	13	0	52
10:10:00	36600	84	69	0	609	48	43	0	540	0	1	0	0	0	0	0	6	36	25	0	63
10:15:00	36900	62	72	0	599	29	47	0	522	0	0	0	0	0	1	0	5	33	24	0	72
10:20:00	37200	60	58	0	601	24	30	0	516	0	0	0	0	0	0	0	5	36	28	0	80
10:25:00	37500	67	67	0	601	35	43	0	508	0	0	0	0	0	0	0	5	32	24	0	88
10:30:00	37800	65	80	0	586	28	45	0	491	0	0	0	0	1	1	0	5	36	34	0	90
10:35:00	38100	43	70	0	559	20	41	0	470	2	1	0	1	0	0	0	5	21	28	0	83
10:40:00	38400	55	58	0	556	20	26	0	464	1	1	0	1	0	0	0	5	34	31	0	86
10:45:00	38700	69	71	0	554	31	40	0	455	3	0	0	4	0	0	0	5	35	31	0	90
10:50:00	39000	54	70	0	538	23	36	0	442	0	3	0	1	1	1	0	5	30	30	0	90
10:55:00	39300	39	58	0	519	10	25	0	427	2	0	0	3	0	0	0	5	27	33	0	84
11:00:00	39600	52	58	0	513	14	30	0	411	4	1	0	6	1	1	0	5	33	26	0	91
11:05:00	39900	61	50	0	524	35	20	0	426	1	1	0	6	0	0	0	5	25	29	0	87
11:10:00	40200	64	52	0	536	33	22	0	437	2	2	0	6	0	0	0	5	29	28	0	88
11:15:00	40500	58	54	0	540	31	28	0	440	10	2	0	14	0	0	0	5	17	24	0	81
11:20:00	40800	59	61	0	538	26	31	0	435	2	2	0	14	0	0	0	5	31	28	0	84
11:25:00	41100	65	64	0	539	29	29	0	435	3	5	0	12	0	0	0	5	33	30	0	87
11:30:00	41400	55	54	0	540	24	22	0	437	1	3	0	10	0	0	0	5	30	29	0	88
11:35:00	41700	74	66	0	548	45	32	0	450	3	4	0	9	0	0	0	5	26	30	0	84
11:40:00	42000	63	55	0	556	36	24	0	462	0	3	0	6	0	1	0	4	27	27	0	84
11:45:00	42300	56	64	0	548	21	26	0	457	3	5	0	4	0	0	0	4	32	33	0	83
11:50:00	42600	76	50	0	574	42	21	0	478	5	1	0	8	0	0	0	4	29	28	0	84
11:55:00	42900	72	65	0	581	44	30	0	492	1	1	0	8	0	0	0	4	27	34	0	77
12:00:00	43200	69	55	0	595	64	36	0	520	2	3	0	7	0	0	0	4	3	16	0	64
12:05:00	43500	58	40	0	613	49	31	0	538	8	4	0	11	0	0	0	4	1	5	0	60
12:10:00	43800	55	44	0	624	51	35	0	554	2	0	0	13	0	0	0	4	2	9	0	53
12:15:00	44100	44	48	0	620	39	37	0	556	1	3	0	11	0	1	0	3	4	7	0	50
12:20:00	44400	43	43	0	620	42	33	0	565	0	4	0	7	0	0	0	3	1	6	0	45
12:25:00	44700	54	45	0	629	52	34	0	583	0	2	0	5	0	0	0	3	2	9	0	38
12:30:00	45000	40	43	0	626	39	34	0	588	0	1	0	4	0	0	0	3	1	8	0	31
12:35:00	45300	22	39	0	609	19	30	0	577	0	2	0	2	0	0	0	3	3	7	0	27
12:40:00	45600	33	31	0	611	33	26	0	584	0	1	0	1	0	0	0	3	0	4	0	23
12:45:00	45900	45	29	0	627	44	21	0	607	0	0	0	1	0	1	0	2	1	7	0	17
12:50:00	46200	29	42	0	614	29	40	0	596	0	1	0	0	0	0	0	2	0	1	0	16
12:55:00	46500	30	36	0	608	30	34	0	592	0	0	0	0	0	0	0	2	0	2	0	14
13:00:00	46800	4	23	0	589	3	21	0	574	0	0	0	0	0	0	0	2	1	2	0	13
13:05:00	47100	6	28	0	567	6	28	0	552	0	0	0	0	0	0	0	2	0	0	0	13
13:10:00	47400	1	20	0	548	1	19	0	534	0	0	0	0	0	0	0	2	0	1	0	12
13:15:00	47700	17	29	0	536	17	28	0	523	0	0	0	0	0	0	0	2	0	1	0	11
13:20:00	48000	11	15	0	532	11	14	0	520	0	0	0	0	0	0	0	2	0	1	0	10
13:25:00	48300	9	22	0	519	8	21	0	507	0	0	0	0	0	0	0	2	1	1	0	10
13:30:00	48600	42	24	0	537	36	22	0	521	1	0	0	1	0	0	0	2	5	2	0	13
13:35:00	48900	53	35	0	555	38	31	0	528	5	0	0	6	0	0	0	2	10	4	0	19
13:40:00	49200	31	30	0	556	22	24	0	526	5	2	0	9	0	0	0	2	4	4	0	19
13:45:00	49500	34	25	0	565	24	22	0	528	2	3	0	8	0	0	0	2	8	0	0	27
13:50:00	49800	70	32	0	603	48	23	0	553	15	7	0	16	1	0	0	3	6	2	0	31
13:55:00	50100	78	45	0	636	61	37	0	577	12	5	0	23	0	0	0	3	5	3	0	33
14:00:00	50400	71	48	0	659	52	31	0	598	3	11	0	15	0	0	0	3	16	6	0	43
14:05:00	50700	66	55	0	670	30	29	0	599	9	5	0	19	0	0	0	3	27	21	0	49
14:10:00	51000	67	49	0	688	45	28	0	616	14	12	0	21	1	0	0	4	7	9	0	47
14:15:00	51300	47	47	0	688	30	31	0	615	8	8	0	21	0	0	0	4	9	8	0	48
14:20:00	51600	59	51	0	696	36	36	0	615	14	8	0	27	0	0	0	4	9	7	0	50
14:25:00	51900	58	52	0	702	34	36	0	613	16	13	0	30	0	0	0	4	8	3	0	55
14:30:00	52200	40	47	0	695	19	30	0	602	12	12	0	30	0	1	0	3	9	4	0	60
14:35:00	52500	68	47	0	716	39	25	0	616	4	11	0	23	0	0	0	3	25	11	0	74
14:40:00	52800	58	71	0	703	38	40	0	614	8	9	0	22	0	1	0	2	12	21	0	65
14:45:00	53100	47	47	0	703	32	28	0	618	9	13	0	18	0	1	0	1	6	5	0	66
14:50:00	53400	57	64	0	696	34	42	0	610	3	6	0	15	0	0	0	1	20	16	0	70
14:55:00	53700	42	51	0	687	20	31	0	599	8	4	0	19	0	0	0	1	14	16	0	68
15:00:00	54000	43	53	0	677	22	31	0	590	4	11	0	12	0	0	0	1	17	11	0	74
15:05:00	54300	50	55	0	672	31	43	0	578	0	2	0	10	0	0	0	1	19	10	0	83
15:10:00	54600	53	60	0	665	33	37	0	574	0	4	0	6	0	0	0	1	20	19	0	84
15:15:00	54900	57	50	0	672	38	31	0	581	1	2	0	5	1	0	0	2	17	17	0	84
15:20:00	55200	53	54	0	671	37	33	0	585	1	1	0	5	1	0	0	3	14	20	0	78
15:25:00	55500	55	64	0	662	36	44	0	577	0	0	0	5	2	0	0	5	17	20	0	75
15:30:00	55800	78	53	0	687	46	35	0	588	0	1	0	4	0	0	0	5	32	17	0	90
15:35:00	56100	96	60	0	723	50	36	0	602	0	0	0	4	3	0	0	8	43	24	0	109
15:40:00	56400	99	71	0	751	52	32	0	622	0	1	0	3	0	0	0	8	47	38	0	118
15:45:00	56700	74	81	0	744	38	53	0	607	0	1	0	2	3	0	0	11	33	27	0	124
15:50:00	57000	82	82	0	744	44	45	0	606	0	0	0	2	1	0	0	12	37	37	0	124
15:55:00	57300	62	63	0	743	25	38	0	593	0	0	0	2	2	0	0	14	35	25	0	134
16:00:00	57600	88	80	0	751	32	43	0	582	21	2	0	21	1	5	0	10	34	30	0	138
16:05:00	57900	83	74	0	760	35	34	0	583	19	9	0	31	0	1	0	9	29	30	0	137
16:10:00	58200	72	92	0	740	21	41	0	563	18	14	0	35	1	1	0	9	32	36	0	133
16:15:00	58500	76	76	0	740	24	37	0	550	16	12	0	39	1	0	0	10	35	27	0	141
16:20:00	58800	85	81	0	744	41	32	0	559	17	14	0	42	1	1	0	10	26	34	0	133
16:25:00	59100	99	78	0	765	48	35	0	572	27	19	0	50	0	2	0	8	24	22	0	135
16:30:00	59400	104	70	0	799	39	24	0	587	31	15	0	66	1	0	0	9	33	31	0	137
16:35:00	59700	122	96	0	825	53	36	0	604	28	23	0	71	1	0	0	10	40	37	0	140
16:40:00	60000	120	91	0	854	66	31	0	639	20	23	0	68	0	1	0	9	34	36	0	138
16:45:00	60300	91	84	0	861	41	37	0	643	28	23	0	73	0	0	0	9	22	24	0	136
16:50:00	60600	135	106	0	890	52	41	0	654	46	30	0	89	0	0	0	9	37	35	0	138
16:55:00	60900	118	91	0	917	54	32	0	676	32	30	0	91	0	0	0	9	32	29	0	141
17:00:00	61200	147	94	0	970	94	34	0	736	18	24	0	85	0	3	0	6	35	33	0	143
17:05:00	61500	130	92	0	1008	91	45	0	782	15	26	0	74	0	0	0	6	24	21	0	146
17:10:00	61800	123	112	0	1019	70	48	0	804	17	23	0	68	0	0	0	6	36	41	0	141
17:15:00	62100	139	116	0	1042	79	61	0	822	26	22	0	72	0	1	0	5	34	32	0	143
17:20:00	62400	140	113	0	1069	102	53	0	871	12	21	0	63	0	1	0	4	26	38	0	131
17:25:00	62700	81	115	0	1035	56	61	0	866	0	20	0	43	0	1	0	3	25	33	0	123
17:30:00	63000	60	90	0	1005	57	52	0	871	1	12	0	32	0	0	0	3	2	26	0	99
17:35:00	63300	66	80	0	991	63	62	0	872	2	5	0	29	0	1	0	2	1	12	0	88
17:40:00	63600	46	64	0	973	44	54	0	862	2	4	0	27	0	0	0	2	0	6	0	82
17:45:00	63900	73	67	0	979	71	55	0	878	0	3	0	24	1	1	0	2	1	8	0	75
17:50:00	64200	69	73	0	975	64	54	0	888	1	7	0	18	0	0	0	2	4	12	0	67
17:55:00	64500	61	69	0	967	60	55	0	893	0	1	0	17	0	0	0	2	1	13	0	55
18:00:00	64800	46	79	0	934	45	63	0	875	1	2	0	16	0	0	0	2	0	14	0	41
18:05:00	65100	51	74	0	911	51	67	0	859	0	1	0	15	0	0	0	2	0	6	0	35
18:10:00	65400	47	70	0	888	46	60	0	845	1	2	0	14	0	0	0	2	0	8	0	27
18:15:00	65700	32	62	0	858	31	57	0	819	0	3	0	11	0	0	0	2	1	2	0	26
18:20:00	66000	39	57	0	840	38	54	0	803	0	1	0	10	0	0	0	2	1	2	0	25
18:25:00	66300	40	71	0	809	38	66	0	775	0	0	0	10	0	1	0	1	2	4	0	23
18:30:00	66600	32	49	0	792	30	46	0	759	1	2	0	9	0	1	0	0	1	0	0	24
18:35:00	66900	48	61	0	779	47	57	0	749	0	2	0	7	0	0	0	0	1	2	0	23
18:40:00	67200	30	42	0	767	29	38	0	740	0	2	0	5	0	0	0	0	1	2	0	22
18:45:00	67500	36	59	0	744	36	55	0	721	0	1	0	4	0	0	0	0	0	3	0	19
18:50:00	67800	14	46	0	712	14	44	0	691	0	0	0	4	0	0	0	0	0	2	0	17
18:55:00	68100	22	29	0	705	21	29	0	683	0	0	0	4	0	0	0	0	1	0	0	18
19:00:00	68400	56	33	0	728	55	32	0	706	0	0	0	4	0	0	0	0	1	1	0	18
19:05:00	68700	55	39	0	744	54	37	0	723	0	0	0	4	0	0	0	0	1	2	0	17
19:10:00	69000	44	41	0	747	44	40	0	727	0	1	0	3	0	0	0	0	0	0	0	17
19:15:00	69300	40	40	0	747	40	39	0	728	0	0	0	3	0	0	0	0	0	1	0	16
19:20:00	69600	41	51	0	737	41	49	0	720	0	0	0	3	0	0	0	0	0	2	0	14
19:25:00	69900	69	45	0	761	68	45	0	743	0	0	0	3	0	0	0	0	1	0	0	15
19:30:00	70200	49	46	0	764	48	46	0	745	0	0	0	3	0	0	0	0	1	0	0	16
19:35:00	70500	39	51	0	752	39	48	0	736	0	1	0	2	0	0	0	0	0	2	0	14
19:40:00	70800	32	36	0	748	32	36	0	732	0	0	0	2	0	0	0	0	0	0	0	14
19:45:00	71100	46	43	0	751	46	43	0	735	0	0	0	2	0	0	0	0	0	0	0	14
19:50:00	71400	25	32	0	744	23	31	0	727	0	0	0	2	0	0	0	0	2	1	0	15
19:55:00	71700	34	41	0	737	34	40	0	721	0	0	0	2	0	0	0	0	0	1	0	14
20:00:00	72000	5	30	0	712	5	29	0	697	0	0	0	2	0	0	0	0	0	1	0	13
20:05:00	72300	12	32	0	692	12	32	0	677	0	0	0	2	0	0	0	0	0	0	0	13
20:10:00	72600	9	24	0	677	9	24	0	662	0	0	0	2	0	0	0	0	0	0	0	13
20:15:00	72900	18	27	0	668	18	25	0	655	0	1	0	1	0	0	0	0	0	1	0	12
20:20:00	73200	9	16	0	661	9	15	0	649	0	1	0	0	0	0	0	0	0	0	0	12
20:25:00	73500	14	22	0	653	14	22	0	641	0	0	0	0	0	0	0	0	0	0	0	12
20:30:00	73800	11	18	0	646	11	18	0	634	0	0	0	0	0	0	0	0	0	0	0	12
20:35:00	74100	6	18	0	634	6	18	0	622	0	0	0	0	0	0	0	0	0	0	0	12
20:40:00	74400	10	16	0	628	10	16	0	616	0	0	0	0	0	0	0	0	0	0	0	12
20:45:00	74700	19	25	0	622	18	25	0	609	0	0	0	0	0	0	0	0	1	0	0	13
20:50:00	75000	12	17	0	617	11	15	0	605	0	0	0	0	0	0	0	0	1	2	0	12
20:55:00	75300	10	18	0	609	10	18	0	597	0	0	0	0	0	0	0	0	0	0	0	12
21:00:00	75600	9	15	0	603	9	15	0	591	0	0	0	0	0	0	0	0	0	0	0	12
21:05:00	75900	7	13	0	597	7	12	0	586	0	0	0	0	0	0	0	0	0	1	0	11
21:10:00	76200	9	13	0	593	9	13	0	582	0	0	0	0	0	0	0	0	0	0	0	11
21:15:00	76500	7	11	0	589	7	11	0	578	0	0	0	0	0	0	0	0	0	0	0	11
21:20:00	76800	7	13	0	583	7	13	0	572	0	0	0	0	0	0	0	0	0	0	0	11
21:25:00	77100	9	14	0	578	9	13	0	568	0	0	0	0	0	0	0	0	0	1	0	10
21:30:00	77400	7	10	0	575	7	10	0	565	0	0	0	0	0	0	0	0	0	0	0	10
21:35:00	77700	8	13	0	570	8	13	0	560	0	0	0	0	0	0	0	0	0	0	0	10
21:40:00	78000	9	17	0	562	9	16	0	553	0	0	0	0	0	0	0	0	0	1	0	9
21:45:00	78300	5	10	0	557	5	10	0	548	0	0	0	0	0	0	0	0	0	0	0	9
21:50:00	78600	8	16	0	549	8	16	0	540	0	0	0	0	0	0	0	0	0	0	0	9
21:55:00	78900	8	11	0	546	8	11	0	537	0	0	0	0	0	0	0	0	0	0	0	9
22:00:00	79200	7	11	0	542	7	11	0	533	0	0	0	0	0	0	0	0	0	0	0	9
22:05:00	79500	10	15	0	537	10	15	0	528	0	0	0	0	0	0	0	0	0	0	0	9
22:10:00	79800	3	4	0	536	3	4	0	527	0	0	0	0	0	0	0	0	0	0	0	9
22:15:00	80100	10	13	0	533	10	13	0	524	0	0	0	0	0	0	0	0	0	0	0	9
22:20:00	80400	3	8	0	528	3	8	0	519	0	0	0	0	0	0	0	0	0	0	0	9
22:25:00	80700	6	10	0	524	6	10	0	515	0	0	0	0	0	0	0	0	0	0	0	9
22:30:00	81000	5	10	0	519	5	10	0	510	0	0	0	0	0	0	0	0	0	0	0	9
22:35:00	81300	9	10	0	518	9	10	0	509	0	0	0	0	0	0	0	0	0	0	0	9
22:40:00	81600	9	12	0	515	9	12	0	506	0	0	0	0	0	0	0	0	0	0	0	9
22:45:00	81900	3	8	0	510	3	8	0	501	0	0	0	0	0	0	0	0	0	0	0	9
22:50:00	82200	4	9	0	505	4	9	0	496	0	0	0	0	0	0	0	0	0	0	0	9
22:55:00	82500	8	12	0	501	8	12	0	492	0	0	0	0	0	0	0	0	0	0	0	9
23:00:00	82800	8	12	0	497	8	11	0	489	0	0	0	0	0	0	0	0	0	1	0	8
23:05:00	83100	3	6	0	494	3	6	0	486	0	0	0	0	0	0	0	0	0	0	0	8
23:10:00	83400	10	12	0	492	10	12	0	484	0	0	0	0	0	0	0	0	0	0	0	8
23:15:00	83700	4	5	0	491	4	5	0	483	0	0	0	0	0	0	0	0	0	0	0	8
23:20:00	84000	11	15	0	487	11	15	0	479	0	0	0	0	0	0	0	0	0	0	0	8
23:25:00	84300	13	11	0	489	13	11	0	481	0	0	0	0	0	0	0	0	0	0	0	8
23:30:00	84600	10	17	0	482	10	16	0	475	0	0	0	0	0	0	0	0	0	1	0	7
23:35:00	84900	7	11	0	478	7	11	0	471	0	0	0	0	0	0	0	0	0	0	0	7
23:40:00	85200	7	11	0	474	7	11	0	467	0	0	0	0	0	0	0	0	0	0	0	7
23:45:00	85500	7	12	0	469	6	12	0	461	0	0	0	0	0	0	0	0	1	0	0	8
23:50:00	85800	5	6	0	468	4	4	0	461	0	0	0	0	0	0	0	0	1	2	0	7
23:55:00	86100	6	14	0	460	5	13	0	453	0	0	0	0	0	0	0	0	1	1	0	7
24:00:00	86400	12	15	0	457	12	15	0	450	0	0	0	0	0	0	0	0	0	0	0	7
24:05:00	86700	7	9	0	455	7	9	0	448	0	0	0	0	0	0	0	0	0	0	0	7
24:10:00	87000	12	15	0	452	12	15	0	445	0	0	0	0	0	0	0	0	0	0	0	7
24:15:00	87300	2	8	0	446	2	8	0	439	0	0	0	0	0	0	0	0	0	0	0	7
24:20:00	87600	8	13	0	441	8	13	0	434	0	0	0	0	0	0	0	0	0	0	0	7
24:25:00	87900	9	10	0	440	9	10	0	433	0	0	0	0	0	0	0	0	0	0	0	7
24:30:00	88200	5	5	0	440	5	5	0	433	0	0	0	0	0	0	0	0	0	0	0	7
24:35:00	88500	4	10	0	434	4	10	0	427	0	0	0	0	0	0	0	0	0	0	0	7
24:40:00	88800	8	11	0	431	8	11	0	424	0	0	0	0	0	0	0	0	0	0	0	7
24:45:00	89100	9	13	0	427	9	13	0	420	0	0	0	0	0	0	0	0	0	0	0	7
24:50:00	89400	3	8	0	422	3	8	0	415	0	0	0	0	0	0	0	0	0	0	0	7
24:55:00	89700	9	11	0	420	9	11	0	413	0	0	0	0	0	0	0	0	0	0	0	7
25:00:00	90000	3	6	0	417	3	6	0	410	0	0	0	0	0	0	0	0	0	0	0	7
25:05:00	90300	4	11	0	410	4	11	0	403	0	0	0	0	0	0	0	0	0	0	0	7
25:10:00	90600	6	9	0	407	6	9	0	400	0	0	0	0	0	0	0	0	0	0	0	7
25:15:00	90900	4	8	0	403	4	8	0	396	0	0	0	0	0	0	0	0	0	0	0	7
25:20:00	91200	7	11	0	399	7	11	0	392	0	0	0	0	0	0	0	0	0	0	0	7
25:25:00	91500	5	9	0	395	5	9	0	388	0	0	0	0	0	0	0	0	0	0	0	7
25:30:00	91800	2	5	0	392	2	5	0	385	0	0	0	0	0	0	0	0	0	0	0	7
25:35:00	92100	4	8	0	388	4	8	0	381	0	0	0	0	0	0	0	0	0	0	0	7
25:40:00	92400	3	3	0	388	3	3	0	381	0	0	0	0	0	0	0	0	0	0	0	7
25:45:00	92700	6	7	0	387	6	7	0	380	0	0	0	0	0	0	0	0	0	0	0	7
25:50:00	93000	2	2	0	387	2	2	0	380	0	0	0	0	0	0	0	0	0	0	0	7
25:55:00	93300	5	8	0	384	5	8	0	377	0	0	0	0	0	0	0	0	0	0	0	7
26:00:00	93600	5	8	0	381	5	8	0	374	0	0	0	0	0	0	0	0	0	0	0	7
26:05:00	93900	6	7	0	380	6	7	0	373	0	0	0	0	0	0	0	0	0	0	0	7
26:10:00	94200	8	10	0	378	8	10	0	371	0	0	0	0	0	0	0	0	0	0	0	7
26:15:00	94500	5	7	0	376	5	7	0	369	0	0	0	0	0	0	0	0	0	0	0	7
26:20:00	94800	9	12	0	373	9	12	0	366	0	0	0	0	0	0	0	0	0	0	0	7
26:25:00	95100	6	10	0	369	6	10	0	362	0	0	0	0	0	0	0	0	0	0	0	7
26:30:00	95400	5	8	0	366	5	8	0	359	0	0	0	0	0	0	0	0	0	0	0	7
26:35:00	95700	4	6	0	364	4	6	0	357	0	0	0	0	0	0	0	0	0	0	0	7
26:40:00	96000	10	12	0	362	10	12	0	355	0	0	0	0	0	0	0	0	0	0	0	7
26:45:00	96300	3	5	0	360	3	5	0	353	0	0	0	0	0	0	0	0	0	0	0	7
26:50:00	96600	6	11	0	355	6	11	0	348	0	0	0	0	0	0	0	0	0	0	0	7
26:55:00	96900	8	12	0	351	7	11	0	344	0	0	0	0	0	0	0	0	1	1	0	7
27:00:00	97200	3	6	0	348	3	6	0	341	0	0	0	0	0	0	0	0	0	0	0	7
27:05:00	97500	5	8	0	345	5	8	0	338	0	0	0	0	0	0	0	0	0	0	0	7
27:10:00	97800	4	7	0	342	4	7	0	335	0	0	0	0	0	0	0	0	0	0	0	7
27:15:00	98100	5	7	0	340	5	7	0	333	0	0	0	0	0	0	0	0	0	0	0	7
27:20:00	98400	8	10	0	338	8	10	0	331	0	0	0	0	0	0	0	0	0	0	0	7
27:25:00	98700	2	4	0	336	2	3	0	330	0	0	0	0	0	0	0	0	0	1	0	6
27:30:00	99000	5	5	0	336	5	5	0	330	0	0	0	0	0	0	0	0	0	0	0	6
27:35:00	99300	7	8	0	335	7	8	0	329	0	0	0	0	0	0	0	0	0	0	0	6
27:40:00	99600	8	9	0	334	8	9	0	328	0	0	0	0	0	0	0	0	0	0	0	6
27:45:00	99900	7	10	0	331	7	10	0	325	0	0	0	0	0	0	0	0	0	0	0	6
27:50:00	100200	6	7	0	330	6	7	0	324	0	0	0	0	0	0	0	0	0	0	0	6
27:55:00	100500	3	6	0	327	3	6	0	321	0	0	0	0	0	0	0	0	0	0	0	6
28:00:00	100800	7	11	0	323	7	11	0	317	0	0	0	0	0	0	0	0	0	0	0	6
28:05:00	101100	7	11	0	319	7	11	0	313	0	0	0	0	0	0	0	0	0	0	0	6
28:10:00	101400	6	9	0	316	6	9	0	310	0	0	0	0	0	0	0	0	0	0	0	6
28:15:00	101700	5	7	0	314	5	7	0	308	0	0	0	0	0	0	0	0	0	0	0	6
28:20:00	102000	6	12	0	308	6	12	0	302	0	0	0	0	0	0	0	0	0	0	0	6
28:25:00	102300	5	7	0	306	5	7	0	300	0	0	0	0	0	0	0	0	0	0	0	6
28:30:00	102600	6	6	0	306	6	6	0	300	0	0	0	0	0	0	0	0	0	0	0	6
28:35:00	102900	1	7	0	300	1	7	0	294	0	0	0	0	0	0	0	0	0	0	0	6
28:40:00	103200	8	12	0	296	8	12	0	290	0	0	0	0	0	0	0	0	0	0	0	6
28:45:00	103500	3	4	0	295	3	4	0	289	0	0	0	0	0	0	0	0	0	0	0	6
28:50:00	103800	6	8	0	293	6	8	0	287	0	0	0	0	0	0	0	0	0	0	0	6
28:55:00	104100	4	5	0	292	4	5	0	286	0	0	0	0	0	0	0	0	0	0	0	6
29:00:00	104400	4	8	0	288	4	7	0	283	0	0	0	0	0	0	0	0	0	1	0	5
29:05:00	104700	2	5	0	285	2	5	0	280	0	0	0	0	0	0	0	0	0	0	0	5
29:10:00	105000	9	14	0	280	9	14	0	275	0	0	0	0	0	0	0	0	0	0	0	5
29:15:00	105300	3	6	0	277	3	6	0	272	0	0	0	0	0	0	0	0	0	0	0	5
29:20:00	105600	3	5	0	275	3	5	0	270	0	0	0	0	0	0	0	0	0	0	0	5
29:25:00	105900	1	5	0	271	1	4	0	267	0	0	0	0	0	0	0	0	0	1	0	4
29:30:00	106200	3	7	0	267	3	7	0	263	0	0	0	0	0	0	0	0	0	0	0	4
29:35:00	106500	5	6	0	266	5	6	0	262	0	0	0	0	0	0	0	0	0	0	0	4
29:40:00	106800	2	4	0	264	2	4	0	260	0	0	0	0	0	0	0	0	0	0	0	4
29:45:00	107100	6	7	0	263	6	7	0	259	0	0	0	0	0	0	0	0	0	0	0	4
29:50:00	107400	4	8	0	259	4	7	0	256	0	0	0	0	0	0	0	0	0	1	0	3
29:55:00	107700	2	3	0	258	2	3	0	255	0	0	0	0	0	0	0	0	0	0	0	3
30:00:00	108000	0	0	258	0	0	0	255	0	0	0	0	0	0	0	0	0	0	0	3	0
30:05:00	108300	0	0	0	0	0	0	0	0	0	0	0	0	0	0	0	0	0	0	0	0
