time	time	departures_all	arrivals_all	stuck_all	en-route_all	departures_car	arrivals_car	stuck_car	en-route_car	departures_car_passenger	arrivals_car_passenger	stuck_car_passenger	en-route_car_passenger	departures_pt	arrivals_pt	stuck_pt	en-route_pt	departures_walk	arrivals_walk	stuck_walk	en-route_walk
00:00:00	0	0	0	0	0	0	0	0	0	0	0	0	0	0	0	0	0	0	0	0	0
00:05:00	300	0	0	0	0	0	0	0	0	0	0	0	0	0	0	0	0	0	0	0	0
00:10:00	600	0	0	0	0	0	0	0	0	0	0	0	0	0	0	0	0	0	0	0	0
00:15:00	900	0	0	0	0	0	0	0	0	0	0	0	0	0	0	0	0	0	0	0	0
00:20:00	1200	0	0	0	0	0	0	0	0	0	0	0	0	0	0	0	0	0	0	0	0
00:25:00	1500	0	0	0	0	0	0	0	0	0	0	0	0	0	0	0	0	0	0	0	0
00:30:00	1800	0	0	0	0	0	0	0	0	0	0	0	0	0	0	0	0	0	0	0	0
00:35:00	2100	0	0	0	0	0	0	0	0	0	0	0	0	0	0	0	0	0	0	0	0
00:40:00	2400	0	0	0	0	0	0	0	0	0	0	0	0	0	0	0	0	0	0	0	0
00:45:00	2700	0	0	0	0	0	0	0	0	0	0	0	0	0	0	0	0	0	0	0	0
00:50:00	3000	0	0	0	0	0	0	0	0	0	0	0	0	0	0	0	0	0	0	0	0
00:55:00	3300	0	0	0	0	0	0	0	0	0	0	0	0	0	0	0	0	0	0	0	0
01:00:00	3600	0	0	0	0	0	0	0	0	0	0	0	0	0	0	0	0	0	0	0	0
01:05:00	3900	0	0	0	0	0	0	0	0	0	0	0	0	0	0	0	0	0	0	0	0
01:10:00	4200	0	0	0	0	0	0	0	0	0	0	0	0	0	0	0	0	0	0	0	0
01:15:00	4500	0	0	0	0	0	0	0	0	0	0	0	0	0	0	0	0	0	0	0	0
01:20:00	4800	0	0	0	0	0	0	0	0	0	0	0	0	0	0	0	0	0	0	0	0
01:25:00	5100	0	0	0	0	0	0	0	0	0	0	0	0	0	0	0	0	0	0	0	0
01:30:00	5400	0	0	0	0	0	0	0	0	0	0	0	0	0	0	0	0	0	0	0	0
01:35:00	5700	0	0	0	0	0	0	0	0	0	0	0	0	0	0	0	0	0	0	0	0
01:40:00	6000	0	0	0	0	0	0	0	0	0	0	0	0	0	0	0	0	0	0	0	0
01:45:00	6300	0	0	0	0	0	0	0	0	0	0	0	0	0	0	0	0	0	0	0	0
01:50:00	6600	0	0	0	0	0	0	0	0	0	0	0	0	0	0	0	0	0	0	0	0
01:55:00	6900	0	0	0	0	0	0	0	0	0	0	0	0	0	0	0	0	0	0	0	0
02:00:00	7200	0	0	0	0	0	0	0	0	0	0	0	0	0	0	0	0	0	0	0	0
02:05:00	7500	0	0	0	0	0	0	0	0	0	0	0	0	0	0	0	0	0	0	0	0
02:10:00	7800	0	0	0	0	0	0	0	0	0	0	0	0	0	0	0	0	0	0	0	0
02:15:00	8100	0	0	0	0	0	0	0	0	0	0	0	0	0	0	0	0	0	0	0	0
02:20:00	8400	0	0	0	0	0	0	0	0	0	0	0	0	0	0	0	0	0	0	0	0
02:25:00	8700	0	0	0	0	0	0	0	0	0	0	0	0	0	0	0	0	0	0	0	0
02:30:00	9000	0	0	0	0	0	0	0	0	0	0	0	0	0	0	0	0	0	0	0	0
02:35:00	9300	0	0	0	0	0	0	0	0	0	0	0	0	0	0	0	0	0	0	0	0
02:40:00	9600	0	0	0	0	0	0	0	0	0	0	0	0	0	0	0	0	0	0	0	0
02:45:00	9900	0	0	0	0	0	0	0	0	0	0	0	0	0	0	0	0	0	0	0	0
02:50:00	10200	0	0	0	0	0	0	0	0	0	0	0	0	0	0	0	0	0	0	0	0
02:55:00	10500	0	0	0	0	0	0	0	0	0	0	0	0	0	0	0	0	0	0	0	0
03:00:00	10800	0	0	0	0	0	0	0	0	0	0	0	0	0	0	0	0	0	0	0	0
03:05:00	11100	0	0	0	0	0	0	0	0	0	0	0	0	0	0	0	0	0	0	0	0
03:10:00	11400	0	0	0	0	0	0	0	0	0	0	0	0	0	0	0	0	0	0	0	0
03:15:00	11700	0	0	0	0	0	0	0	0	0	0	0	0	0	0	0	0	0	0	0	0
03:20:00	12000	0	0	0	0	0	0	0	0	0	0	0	0	0	0	0	0	0	0	0	0
03:25:00	12300	0	0	0	0	0	0	0	0	0	0	0	0	0	0	0	0	0	0	0	0
03:30:00	12600	0	0	0	0	0	0	0	0	0	0	0	0	0	0	0	0	0	0	0	0
03:35:00	12900	0	0	0	0	0	0	0	0	0	0	0	0	0	0	0	0	0	0	0	0
03:40:00	13200	0	0	0	0	0	0	0	0	0	0	0	0	0	0	0	0	0	0	0	0
03:45:00	13500	0	0	0	0	0	0	0	0	0	0	0	0	0	0	0	0	0	0	0	0
03:50:00	13800	0	0	0	0	0	0	0	0	0	0	0	0	0	0	0	0	0	0	0	0
03:55:00	14100	0	0	0	0	0	0	0	0	0	0	0	0	0	0	0	0	0	0	0	0
04:00:00	14400	13	11	0	2	10	9	0	1	1	1	0	0	1	0	0	1	1	1	0	0
04:05:00	14700	0	0	0	2	0	0	0	1	0	0	0	0	0	0	0	1	0	0	0	0
04:10:00	15000	0	0	0	2	0	0	0	1	0	0	0	0	0	0	0	1	0	0	0	0
04:15:00	15300	5	4	0	3	3	3	0	1	0	0	0	0	1	0	0	2	1	1	0	0
04:20:00	15600	0	0	0	3	0	0	0	1	0	0	0	0	0	0	0	2	0	0	0	0
04:25:00	15900	0	0	0	3	0	0	0	1	0	0	0	0	0	0	0	2	0	0	0	0
04:30:00	16200	17	12	0	8	14	11	0	4	1	1	0	0	0	0	0	2	2	0	0	2
04:35:00	16500	0	0	0	8	0	0	0	4	0	0	0	0	0	0	0	2	0	0	0	2
04:40:00	16800	2	1	0	9	1	1	0	4	1	0	0	1	0	0	0	2	0	0	0	2
04:45:00	17100	6	5	0	10	5	5	0	4	0	0	0	1	0	0	0	2	1	0	0	3
04:50:00	17400	0	1	0	9	0	1	0	3	0	0	0	1	0	0	0	2	0	0	0	3
04:55:00	17700	1	3	0	7	0	2	0	1	0	0	0	1	1	0	0	3	0	1	0	2
05:00:00	18000	32	20	0	19	21	15	0	7	3	4	0	0	1	0	0	4	7	1	0	8
05:05:00	18300	3	3	0	19	1	1	0	7	0	0	0	0	2	0	0	6	0	2	0	6
05:10:00	18600	3	2	0	20	2	1	0	8	0	0	0	0	1	0	0	7	0	1	0	5
05:15:00	18900	15	7	0	28	8	4	0	12	1	0	0	1	3	0	0	10	3	3	0	5
05:20:00	19200	1	6	0	23	1	5	0	8	0	0	0	1	0	0	0	10	0	1	0	4
05:25:00	19500	4	3	0	24	3	2	0	9	0	0	0	1	1	0	0	11	0	1	0	3
05:30:00	19800	66	46	0	44	52	42	0	19	2	1	0	2	3	1	0	13	9	2	0	10
05:35:00	20100	4	10	0	38	0	5	0	14	0	1	0	1	2	2	0	13	2	2	0	10
05:40:00	20400	18	14	0	42	8	9	0	13	0	0	0	1	4	1	0	16	6	4	0	12
05:45:00	20700	48	33	0	57	31	25	0	19	1	0	0	2	4	1	0	19	12	7	0	17
05:50:00	21000	12	17	0	52	0	4	0	15	0	1	0	1	7	6	0	20	5	6	0	16
05:55:00	21300	9	13	0	48	5	8	0	12	0	0	0	1	1	2	0	19	3	3	0	16
06:00:00	21600	148	106	0	90	92	76	0	28	9	8	0	2	13	3	0	29	34	19	0	31
06:05:00	21900	8	20	0	78	0	5	0	23	0	1	0	1	6	2	0	33	2	12	0	21
06:10:00	22200	19	22	0	75	8	11	0	20	1	1	0	1	5	3	0	35	5	7	0	19
06:15:00	22500	86	67	0	94	55	50	0	25	4	4	0	1	7	2	0	40	20	11	0	28
06:20:00	22800	27	36	0	85	2	9	0	18	0	1	0	0	15	7	0	48	10	19	0	19
06:25:00	23100	31	36	0	80	13	17	0	14	1	1	0	0	7	6	0	49	10	12	0	17
06:30:00	23400	269	138	0	211	155	74	0	95	21	20	0	1	26	11	0	64	67	33	0	51
06:35:00	23700	22	84	0	149	0	59	0	36	0	0	0	1	14	10	0	68	8	15	0	44
06:40:00	24000	90	86	0	153	34	32	0	38	9	9	0	1	25	15	0	78	22	30	0	36
06:45:00	24300	272	180	0	245	138	111	0	65	27	26	0	2	28	11	0	95	79	32	0	83
06:50:00	24600	48	78	0	215	0	16	0	49	0	1	0	1	31	18	0	108	17	43	0	57
06:55:00	24900	52	66	0	201	14	23	0	40	4	4	0	1	15	14	0	109	19	25	0	51
07:00:00	25200	600	213	0	588	313	49	0	304	74	66	0	9	58	26	0	141	155	72	0	134
07:05:00	25500	75	302	0	361	13	216	0	101	1	1	0	9	36	24	0	153	25	61	0	98
07:10:00	25800	126	147	0	340	51	73	0	79	11	12	0	8	24	21	0	156	40	41	0	97
07:15:00	26100	384	257	0	467	173	117	0	135	51	51	0	8	35	31	0	160	125	58	0	164
07:20:00	26400	57	155	0	369	3	54	0	84	0	5	0	3	29	27	0	162	25	69	0	120
07:25:00	26700	91	130	0	330	17	35	0	66	4	5	0	2	25	32	0	155	45	58	0	107
07:30:00	27000	668	308	0	690	323	107	0	282	99	88	0	13	48	31	0	172	198	82	0	223
07:35:00	27300	78	331	0	437	13	204	0	91	0	4	0	9	35	28	0	179	30	95	0	158
07:40:00	27600	189	203	0	423	56	63	0	84	11	13	0	7	38	42	0	175	84	85	0	157
07:45:00	27900	461	363	0	521	206	184	0	106	59	57	0	9	34	35	0	174	162	87	0	232
07:50:00	28200	80	147	0	454	7	20	0	93	0	3	0	6	40	39	0	175	33	85	0	180
07:55:00	28500	116	160	1	409	38	53	0	78	7	8	0	5	23	41	1	156	48	58	0	170
08:00:00	28800	687	309	0	787	318	83	0	313	85	80	0	10	52	34	0	174	232	112	0	290
08:05:00	29100	179	370	0	596	79	227	0	165	15	16	0	9	28	28	0	174	57	99	0	248
08:10:00	29400	92	215	0	473	9	82	0	92	1	3	0	7	35	51	0	158	47	79	0	216
08:15:00	29700	221	216	1	477	84	88	0	88	16	17	0	6	27	40	1	144	94	71	0	239
08:20:00	30000	148	166	1	458	62	58	0	92	10	11	0	5	22	29	1	136	54	68	0	225
08:25:00	30300	50	119	0	389	4	35	0	61	0	1	0	4	18	26	0	128	28	57	0	196
08:30:00	30600	370	211	0	548	175	87	0	149	27	26	0	5	30	30	0	128	138	68	0	266
08:35:00	30900	110	214	0	444	33	123	0	59	2	3	0	4	24	29	0	123	51	59	0	258
08:40:00	31200	47	99	0	392	2	12	0	49	0	0	0	4	25	23	0	125	20	64	0	214
08:45:00	31500	122	131	0	383	52	55	0	46	11	11	0	4	12	24	0	113	47	41	0	220
08:50:00	31800	87	122	0	348	20	29	0	37	1	2	0	3	20	32	0	101	46	59	0	207
08:55:00	32100	41	81	0	308	3	16	0	24	0	0	0	3	19	21	0	99	19	44	0	182
09:00:00	32400	280	154	0	434	148	62	0	110	23	21	0	5	26	19	0	106	83	52	0	213
09:05:00	32700	74	162	0	346	24	95	0	39	1	2	0	4	23	22	0	107	26	43	0	196
09:10:00	33000	33	67	0	312	0	7	0	32	0	2	0	2	13	20	0	100	20	38	0	178
09:15:00	33300	88	96	0	304	31	27	0	36	8	8	0	2	14	19	0	95	35	42	0	171
09:20:00	33600	57	69	0	292	17	22	0	31	6	6	0	2	9	19	0	85	25	22	0	174
09:25:00	33900	39	68	0	263	1	13	0	19	0	0	0	2	16	22	0	79	22	33	0	163
09:30:00	34200	173	138	0	298	103	88	0	34	15	15	0	2	9	9	0	79	46	26	0	183
09:35:00	34500	41	52	0	287	14	18	0	30	0	0	0	2	12	5	0	86	15	29	0	169
09:40:00	34800	25	48	0	264	1	7	0	24	0	1	0	1	6	17	0	75	18	23	0	164
09:45:00	35100	67	76	0	255	34	38	0	20	2	2	0	1	10	12	0	73	21	24	0	161
09:50:00	35400	44	45	0	254	19	18	0	21	3	1	0	3	6	14	0	65	16	12	0	165
09:55:00	35700	44	67	0	231	0	10	0	11	0	0	0	3	20	23	0	62	24	34	0	155
10:00:00	36000	297	129	0	399	147	49	0	109	40	33	0	10	24	7	0	79	86	40	0	201
10:05:00	36300	77	152	0	324	26	80	0	55	5	5	0	10	20	18	0	81	26	49	0	178
10:10:00	36600	35	61	0	298	5	15	0	45	0	2	0	8	12	17	0	76	18	27	0	169
10:15:00	36900	64	76	0	286	25	27	0	43	3	5	0	6	10	14	0	72	26	30	0	165
10:20:00	37200	52	71	0	267	17	23	0	37	4	8	0	2	11	14	0	69	20	26	0	159
10:25:00	37500	27	55	0	239	5	16	0	26	0	0	0	2	10	15	0	64	12	24	0	147
10:30:00	37800	218	186	0	271	131	118	0	39	18	17	0	3	16	15	0	65	53	36	0	164
10:35:00	38100	46	63	0	254	17	22	0	34	4	4	0	3	5	10	0	60	20	27	0	157
10:40:00	38400	26	44	0	236	0	4	0	30	0	0	0	3	13	15	0	58	13	25	0	145
10:45:00	38700	72	71	0	237	33	28	0	35	3	3	0	3	10	13	0	55	26	27	0	144
10:50:00	39000	45	73	0	209	17	23	0	29	3	4	0	2	11	12	0	54	14	34	0	124
10:55:00	39300	16	36	0	189	0	10	0	19	0	1	0	1	3	11	0	46	13	14	0	123
11:00:00	39600	236	163	0	262	143	114	0	48	18	12	0	7	12	8	0	50	63	29	0	157
11:05:00	39900	52	64	0	250	25	26	0	47	6	4	0	9	10	7	0	53	11	27	0	141
11:10:00	40200	26	44	0	232	2	12	0	37	0	0	0	9	10	9	0	54	14	23	0	132
11:15:00	40500	78	72	0	238	38	32	0	43	8	8	0	9	10	8	0	56	22	24	0	130
11:20:00	40800	69	71	0	236	35	38	0	40	10	13	0	6	3	7	0	52	21	13	0	138
11:25:00	41100	17	50	0	203	1	15	0	26	2	4	0	4	4	11	0	45	10	20	0	128
11:30:00	41400	247	177	0	273	125	113	0	38	31	25	0	10	10	9	0	46	81	30	0	179
11:35:00	41700	43	69	0	247	18	20	0	36	6	7	0	9	10	2	0	54	9	40	0	148
11:40:00	42000	25	49	0	223	0	8	0	28	0	1	0	8	12	12	0	54	13	28	0	133
11:45:00	42300	93	93	0	223	43	36	0	35	8	11	0	5	12	10	0	56	30	36	0	127
11:50:00	42600	78	86	0	215	39	38	0	36	4	7	0	2	9	15	0	50	26	26	0	127
11:55:00	42900	20	49	0	186	2	15	0	23	1	1	0	2	11	9	0	52	6	24	0	109
12:00:00	43200	403	152	0	437	245	83	0	185	25	19	0	8	27	8	0	71	106	42	0	173
12:05:00	43500	72	204	0	305	21	147	0	59	9	8	0	9	16	14	0	73	26	35	0	164
12:10:00	43800	28	59	0	274	0	8	0	51	0	1	0	8	14	14	0	73	14	36	0	142
12:15:00	44100	104	100	0	278	53	53	0	51	6	6	0	8	9	13	0	69	36	28	0	150
12:20:00	44400	84	98	0	264	27	31	0	47	14	20	0	2	10	13	0	66	33	34	0	149
12:25:00	44700	30	64	0	230	0	16	0	31	0	2	0	0	14	16	0	64	16	30	0	135
12:30:00	45000	256	201	0	285	141	131	0	41	39	27	0	12	12	12	0	64	64	31	0	168
12:35:00	45300	75	92	0	268	41	47	0	35	3	3	0	12	11	6	0	69	20	36	0	152
12:40:00	45600	38	64	0	242	3	9	0	29	0	1	0	11	16	18	0	67	19	36	0	135
12:45:00	45900	108	97	0	253	53	49	0	33	3	3	0	11	14	13	0	68	38	32	0	141
12:50:00	46200	84	93	0	244	40	39	0	34	5	14	0	2	12	9	0	71	27	31	0	137
12:55:00	46500	31	57	0	218	0	14	0	20	0	0	0	2	13	17	0	67	18	26	0	129
13:00:00	46800	374	175	0	417	211	79	0	152	30	29	0	3	31	12	0	86	102	55	0	176
13:05:00	47100	83	176	0	324	37	123	0	66	4	3	0	4	14	15	0	85	28	35	0	169
13:10:00	47400	46	84	0	286	2	22	0	46	0	0	0	4	18	22	0	81	26	40	0	155
13:15:00	47700	108	113	0	281	45	44	0	47	7	7	0	4	17	22	0	76	39	40	0	154
13:20:00	48000	82	111	0	252	41	45	0	43	3	3	0	4	14	19	0	71	24	44	0	134
13:25:00	48300	43	74	0	221	1	17	0	27	3	3	0	4	17	22	0	66	22	32	0	124
13:30:00	48600	205	167	0	259	107	95	0	39	25	22	0	7	15	11	0	70	58	39	0	143
13:35:00	48900	72	81	0	250	27	34	0	32	4	3	0	8	14	14	0	70	27	30	0	140
13:40:00	49200	33	53	0	230	2	6	0	28	0	0	0	8	11	18	0	63	20	29	0	131
13:45:00	49500	80	90	0	220	47	46	0	29	4	5	0	7	8	10	0	61	21	29	0	123
13:50:00	49800	54	62	0	212	20	19	0	30	7	12	0	2	9	11	0	59	18	20	0	121
13:55:00	50100	25	51	0	186	1	16	0	15	0	1	0	1	12	10	0	61	12	24	0	109
14:00:00	50400	331	166	0	351	165	85	0	95	40	30	0	11	15	14	0	62	111	37	0	183
14:05:00	50700	81	129	0	303	33	78	0	50	9	8	0	12	18	8	0	72	21	35	0	169
14:10:00	51000	31	52	0	282	0	5	0	45	0	1	0	11	18	11	0	79	13	35	0	147
14:15:00	51300	79	81	0	280	41	42	0	44	6	7	0	10	11	7	0	83	21	25	0	143
14:20:00	51600	68	85	0	263	29	32	0	41	4	10	0	4	12	15	0	80	23	28	0	138
14:25:00	51900	51	79	1	234	1	13	0	29	1	2	0	3	18	27	1	70	31	37	0	132
14:30:00	52200	228	197	1	264	137	124	0	42	16	17	0	2	12	16	1	65	63	40	0	155
14:35:00	52500	77	86	1	254	32	26	0	48	7	8	0	1	16	11	1	69	22	41	0	136
14:40:00	52800	36	55	0	235	1	6	0	43	0	0	0	1	15	18	0	66	20	31	0	125
14:45:00	53100	120	112	0	243	50	48	0	45	13	13	0	1	23	16	0	73	34	35	0	124
14:50:00	53400	67	77	0	233	34	41	0	38	4	4	0	1	8	10	0	71	21	22	0	123
14:55:00	53700	36	66	0	203	3	17	0	24	0	0	0	1	12	21	0	62	21	28	0	116
15:00:00	54000	351	132	0	422	188	62	0	150	30	23	0	8	19	10	0	71	114	37	0	193
15:05:00	54300	108	205	0	325	33	133	0	50	9	8	0	9	17	11	0	77	49	53	0	189
15:10:00	54600	43	76	0	292	0	2	0	48	0	0	0	9	21	18	0	80	22	56	0	155
15:15:00	54900	216	179	0	329	75	70	0	53	15	13	0	11	26	20	0	86	100	76	0	179
15:20:00	55200	102	111	0	320	35	41	0	47	13	14	0	10	11	11	0	86	43	45	0	177
15:25:00	55500	41	82	0	279	0	16	0	31	0	0	0	10	18	22	0	82	23	44	0	156
15:30:00	55800	523	198	0	604	254	40	0	245	56	51	0	15	38	19	0	101	175	88	0	243
15:35:00	56100	165	334	0	435	58	207	0	96	14	18	0	11	34	21	0	114	59	88	0	214
15:40:00	56400	47	117	0	365	3	34	0	65	0	3	0	8	23	18	0	119	21	62	0	173
15:45:00	56700	198	176	0	387	82	75	0	72	27	27	0	8	27	22	0	124	62	52	0	183
15:50:00	57000	129	145	0	371	51	52	0	71	16	14	0	10	19	25	0	118	43	54	0	172
15:55:00	57300	52	98	0	325	1	19	0	53	0	3	0	7	23	25	0	116	28	51	0	149
16:00:00	57600	862	249	0	938	455	64	0	444	83	72	0	18	60	20	0	156	264	93	0	320
16:05:00	57900	85	189	0	834	8	64	0	388	4	6	0	16	43	26	0	173	30	93	0	257
16:10:00	58200	178	336	0	676	36	183	0	241	14	13	0	17	55	43	0	185	73	97	0	233
16:15:00	58500	405	245	0	836	169	81	0	329	61	60	0	18	36	23	0	198	139	81	0	291
16:20:00	58800	88	222	0	702	6	84	0	251	2	9	0	11	38	40	0	196	42	89	0	244
16:25:00	59100	129	320	0	511	27	179	0	99	20	21	0	10	34	41	0	189	48	79	0	213
16:30:00	59400	746	280	0	977	409	55	0	453	85	80	0	15	67	39	0	217	185	106	0	292
16:35:00	59700	87	353	0	711	11	238	0	226	2	4	0	13	43	30	0	230	31	81	0	242
16:40:00	60000	143	277	0	577	46	145	0	127	15	16	0	12	28	42	0	216	54	74	0	222
16:45:00	60300	336	331	0	582	157	163	0	121	50	43	0	19	38	49	0	205	91	76	0	237
16:50:00	60600	87	154	0	515	5	31	0	95	3	6	0	16	28	47	0	186	51	70	0	218
16:55:00	60900	122	175	0	462	23	42	0	76	19	25	0	10	31	46	0	171	49	62	0	205
17:00:00	61200	830	280	0	1012	482	82	0	476	75	70	0	15	56	30	0	197	217	98	0	324
17:05:00	61500	89	281	0	820	8	148	0	336	1	3	0	13	45	30	0	212	35	100	0	259
17:10:00	61800	139	298	0	661	44	180	0	200	13	14	0	12	34	33	0	213	48	71	0	236
17:15:00	62100	320	268	0	713	153	105	0	248	57	53	0	16	32	40	0	205	78	70	0	244
17:20:00	62400	76	207	1	581	3	96	0	155	2	8	0	10	21	41	1	184	50	62	0	232
17:25:00	62700	121	221	1	480	25	90	0	90	16	20	0	6	27	48	1	162	53	63	0	222
17:30:00	63000	507	259	0	728	275	81	0	284	61	53	0	14	41	34	0	169	130	91	0	261
17:35:00	63300	64	261	1	530	9	163	0	130	0	2	0	12	24	30	1	162	31	66	0	226
17:40:00	63600	115	179	0	466	24	71	0	83	18	17	0	13	23	37	0	148	50	54	0	222
17:45:00	63900	204	226	0	444	101	107	0	77	20	20	0	13	26	31	0	143	57	68	0	211
17:50:00	64200	62	100	0	406	5	24	0	58	0	1	0	12	20	34	0	129	37	41	0	207
17:55:00	64500	115	157	0	364	32	48	0	42	4	9	0	7	28	40	0	117	51	60	0	198
18:00:00	64800	466	245	0	585	265	103	0	204	73	59	0	21	20	22	0	115	108	61	0	245
18:05:00	65100	48	202	0	431	1	120	0	85	2	2	0	21	19	23	0	111	26	57	0	214
18:10:00	65400	82	126	0	387	20	43	0	62	7	7	0	21	13	31	0	93	42	45	0	211
18:15:00	65700	170	163	0	394	87	77	0	72	27	30	0	18	15	15	0	93	41	41	0	211
18:20:00	66000	51	98	1	346	2	18	0	56	0	12	0	6	22	26	1	88	27	42	0	196
18:25:00	66300	62	94	0	314	12	29	0	39	7	6	0	7	18	23	0	83	25	36	0	185
18:30:00	66600	273	190	0	397	164	108	0	95	48	44	0	11	12	11	0	84	49	27	0	207
18:35:00	66900	35	99	0	333	4	44	0	55	0	1	0	10	11	16	0	79	20	38	0	189
18:40:00	67200	83	100	0	316	22	32	0	45	7	8	0	9	20	22	0	77	34	38	0	185
18:45:00	67500	135	131	1	319	62	63	0	44	32	27	0	14	10	13	1	73	31	28	0	188
18:50:00	67800	34	63	1	289	4	10	0	38	1	6	0	9	14	13	1	73	15	34	0	169
18:55:00	68100	54	77	0	266	17	27	0	28	9	10	0	8	8	16	0	65	20	24	0	165
19:00:00	68400	325	141	0	450	180	41	0	167	49	44	0	13	17	18	0	64	79	38	0	206
19:05:00	68700	30	140	0	340	4	91	0	80	1	6	0	8	13	10	0	67	12	33	0	185
19:10:00	69000	48	88	0	300	11	41	0	50	8	7	0	9	13	11	0	69	16	29	0	172
19:15:00	69300	151	122	0	329	64	51	0	63	31	26	0	14	15	18	0	66	41	27	0	186
19:20:00	69600	25	47	0	307	1	6	0	58	1	6	0	9	7	13	0	60	16	22	0	180
19:25:00	69900	40	63	0	284	11	22	0	47	5	5	0	9	5	14	0	51	19	22	0	177
19:30:00	70200	204	184	0	304	104	99	0	52	41	37	0	13	19	9	0	61	40	39	0	178
19:35:00	70500	29	53	0	280	1	12	0	41	2	5	0	10	9	14	0	56	17	22	0	173
19:40:00	70800	55	71	0	264	17	25	0	33	5	4	0	11	10	12	0	54	23	30	0	166
19:45:00	71100	103	118	0	249	51	57	0	27	20	20	0	11	9	11	0	52	23	30	0	159
19:50:00	71400	25	43	0	231	2	10	0	19	0	4	0	7	12	12	0	52	11	17	0	153
19:55:00	71700	23	42	0	212	6	14	0	11	2	3	0	6	3	11	0	44	12	14	0	151
20:00:00	72000	216	164	1	263	117	93	0	35	43	39	0	10	14	6	1	51	42	26	0	167
20:05:00	72300	34	52	0	245	3	6	0	32	0	2	0	8	11	20	0	42	20	24	0	163
20:10:00	72600	40	49	0	236	9	12	0	29	7	7	0	8	6	11	0	37	18	19	0	162
20:15:00	72900	88	75	0	249	40	36	0	33	16	14	0	10	7	5	0	39	25	20	0	167
20:20:00	73200	20	48	0	221	0	9	0	24	0	5	0	5	4	11	0	32	16	23	0	160
20:25:00	73500	24	40	0	205	4	14	0	14	2	2	0	5	5	2	0	35	13	22	0	151
20:30:00	73800	155	127	0	233	86	65	0	35	37	31	0	11	6	9	0	32	26	22	0	155
20:35:00	74100	16	30	0	219	2	7	0	30	0	2	0	9	4	6	0	30	10	15	0	150
20:40:00	74400	23	39	0	203	8	12	0	26	4	4	0	9	4	7	0	27	7	16	0	141
20:45:00	74700	67	65	0	205	40	37	0	29	11	12	0	8	6	5	0	28	10	11	0	140
20:50:00	75000	15	34	0	186	0	6	0	23	0	5	0	3	8	6	0	30	7	17	0	130
20:55:00	75300	13	23	0	176	2	12	0	13	1	1	0	3	1	3	0	28	9	7	0	132
21:00:00	75600	203	149	0	230	118	95	0	36	37	30	0	10	14	3	0	39	34	21	0	145
21:05:00	75900	18	31	0	217	0	7	0	29	0	3	0	7	10	7	0	42	8	14	0	139
21:10:00	76200	31	37	0	211	7	9	0	27	8	8	0	7	5	9	0	38	11	11	0	139
21:15:00	76500	76	76	0	211	31	29	0	29	20	20	0	7	3	8	0	33	22	19	0	142
21:20:00	76800	11	24	0	198	1	6	0	24	0	3	0	4	4	4	0	33	6	11	0	137
21:25:00	77100	24	44	0	178	9	21	0	12	0	0	0	4	6	10	0	29	9	13	0	133
21:30:00	77400	124	106	0	196	61	49	0	24	23	21	0	6	11	11	0	29	29	25	0	137
21:35:00	77700	15	26	0	185	0	3	0	21	0	1	0	5	7	5	0	31	8	17	0	128
21:40:00	78000	32	37	0	180	12	17	0	16	2	2	0	5	7	6	0	32	11	12	0	127
21:45:00	78300	56	56	0	180	26	27	0	15	9	8	0	6	7	7	0	32	14	14	0	127
21:50:00	78600	16	27	0	169	1	5	0	11	0	3	0	3	5	9	0	28	10	10	0	127
21:55:00	78900	13	26	0	156	5	9	0	7	1	1	0	3	2	2	0	28	5	14	0	118
22:00:00	79200	136	94	0	198	72	54	0	25	16	12	0	7	13	7	0	34	35	21	0	132
22:05:00	79500	18	30	0	186	1	3	0	23	0	1	0	6	10	8	0	36	7	18	0	121
22:10:00	79800	19	28	0	177	3	3	0	23	0	0	0	6	5	9	0	32	11	16	0	116
22:15:00	80100	34	41	0	170	14	16	0	21	2	3	0	5	5	8	0	29	13	14	0	115
22:20:00	80400	17	31	0	156	0	4	0	17	0	4	0	1	3	12	0	20	14	11	0	118
22:25:00	80700	12	27	0	141	0	11	0	6	0	0	0	1	4	4	0	20	8	12	0	114
22:30:00	81000	73	61	0	153	40	37	0	9	9	8	0	2	4	4	0	20	20	12	0	122
22:35:00	81300	6	10	0	149	0	2	0	7	0	0	0	2	3	3	0	20	3	5	0	120
22:40:00	81600	20	25	0	144	13	12	0	8	0	0	0	2	4	5	0	19	3	8	0	115
22:45:00	81900	30	26	0	148	9	7	0	10	6	3	0	5	4	6	0	17	11	10	0	116
22:50:00	82200	11	24	0	135	0	3	0	7	0	2	0	3	5	5	0	17	6	14	0	108
22:55:00	82500	8	15	0	128	3	4	0	6	0	0	0	3	1	3	0	15	4	8	0	104
23:00:00	82800	76	54	0	150	38	30	0	14	10	9	0	4	7	2	0	20	21	13	0	112
23:05:00	83100	13	27	0	136	1	5	0	10	0	2	0	2	5	5	0	20	7	15	0	104
23:10:00	83400	12	15	0	133	3	4	0	9	3	3	0	2	0	4	0	16	6	4	0	106
23:15:00	83700	20	24	0	129	7	9	0	7	4	4	0	2	3	3	0	16	6	8	0	104
23:20:00	84000	17	28	0	118	1	3	0	5	0	2	0	0	5	8	0	13	11	15	0	100
23:25:00	84300	15	22	0	111	1	1	0	5	3	3	0	0	3	3	0	13	8	15	0	93
23:30:00	84600	36	29	0	118	19	13	0	11	6	5	0	1	4	3	0	14	7	8	0	92
23:35:00	84900	6	14	0	110	0	2	0	9	2	2	0	1	1	2	0	13	3	8	0	87
23:40:00	85200	11	17	0	104	1	4	0	6	0	0	0	1	6	4	0	15	4	9	0	82
23:45:00	85500	17	15	1	105	9	9	0	6	2	2	0	1	2	0	1	16	4	4	0	82
23:50:00	85800	4	13	0	96	2	6	0	2	0	0	0	1	0	2	0	14	2	5	0	79
23:55:00	86100	134	84	0	146	79	59	0	22	26	15	0	12	2	3	0	13	27	7	0	99
24:00:00	86400	11	13	0	144	0	0	0	22	1	1	0	12	4	3	0	14	6	9	0	96
24:05:00	86700	8	11	0	141	0	0	0	22	0	1	0	11	5	1	0	18	3	9	0	90
24:10:00	87000	10	21	0	130	0	4	0	18	0	2	0	9	3	7	0	14	7	8	0	89
24:15:00	87300	9	28	0	111	0	8	0	10	2	8	0	3	2	5	0	11	5	7	0	87
24:20:00	87600	4	11	0	104	2	7	0	5	0	0	0	3	0	2	0	9	2	2	0	87
24:25:00	87900	4	10	0	98	0	0	0	5	0	1	0	2	0	1	0	8	4	8	0	83
24:30:00	88200	5	9	0	94	0	1	0	4	0	2	0	0	2	3	0	7	3	3	0	83
24:35:00	88500	1	5	0	90	0	2	0	2	0	0	0	0	1	0	0	8	0	3	0	80
24:40:00	88800	2	3	0	89	0	1	0	1	0	0	0	0	1	1	0	8	1	1	0	80
24:45:00	89100	5	8	0	86	0	1	0	0	0	0	0	0	0	3	0	5	5	4	0	81
24:50:00	89400	6	9	1	82	0	0	0	0	0	0	0	0	3	4	1	3	3	5	0	79
24:55:00	89700	0	5	0	77	0	0	0	0	0	0	0	0	0	0	0	3	0	5	0	74
25:00:00	90000	0	5	0	72	0	0	0	0	0	0	0	0	0	0	0	3	0	5	0	69
25:05:00	90300	0	0	0	72	0	0	0	0	0	0	0	0	0	0	0	3	0	0	0	69
25:10:00	90600	2	5	0	69	0	0	0	0	0	0	0	0	0	1	0	2	2	4	0	67
25:15:00	90900	3	5	0	67	0	0	0	0	0	0	0	0	0	1	0	1	3	4	0	66
25:20:00	91200	2	3	0	66	0	0	0	0	0	0	0	0	0	0	0	1	2	3	0	65
25:25:00	91500	4	4	0	66	0	0	0	0	0	0	0	0	0	0	0	1	4	4	0	65
25:30:00	91800	2	4	1	63	0	0	0	0	0	0	0	0	1	0	1	1	1	4	0	62
25:35:00	92100	1	3	0	61	0	0	0	0	0	0	0	0	0	1	0	0	1	2	0	61
25:40:00	92400	1	1	0	61	0	0	0	0	0	0	0	0	0	0	0	0	1	1	0	61
25:45:00	92700	0	1	0	60	0	0	0	0	0	0	0	0	0	0	0	0	0	1	0	60
25:50:00	93000	1	2	0	59	0	0	0	0	0	0	0	0	0	0	0	0	1	2	0	59
25:55:00	93300	0	4	0	55	0	0	0	0	0	0	0	0	0	0	0	0	0	4	0	55
26:00:00	93600	1	2	0	54	0	0	0	0	0	0	0	0	0	0	0	0	1	2	0	54
26:05:00	93900	0	2	0	52	0	0	0	0	0	0	0	0	0	0	0	0	0	2	0	52
26:10:00	94200	1	1	0	52	0	0	0	0	0	0	0	0	0	0	0	0	1	1	0	52
26:15:00	94500	2	5	0	49	0	0	0	0	0	0	0	0	0	0	0	0	2	5	0	49
26:20:00	94800	0	2	0	47	0	0	0	0	0	0	0	0	0	0	0	0	0	2	0	47
26:25:00	95100	0	1	0	46	0	0	0	0	0	0	0	0	0	0	0	0	0	1	0	46
26:30:00	95400	0	2	0	44	0	0	0	0	0	0	0	0	0	0	0	0	0	2	0	44
26:35:00	95700	0	3	0	41	0	0	0	0	0	0	0	0	0	0	0	0	0	3	0	41
26:40:00	96000	0	2	0	39	0	0	0	0	0	0	0	0	0	0	0	0	0	2	0	39
26:45:00	96300	0	2	0	37	0	0	0	0	0	0	0	0	0	0	0	0	0	2	0	37
26:50:00	96600	1	2	0	36	1	1	0	0	0	0	0	0	0	0	0	0	0	1	0	36
26:55:00	96900	0	0	0	36	0	0	0	0	0	0	0	0	0	0	0	0	0	0	0	36
27:00:00	97200	0	0	0	36	0	0	0	0	0	0	0	0	0	0	0	0	0	0	0	36
27:05:00	97500	0	1	0	35	0	0	0	0	0	0	0	0	0	0	0	0	0	1	0	35
27:10:00	97800	0	0	0	35	0	0	0	0	0	0	0	0	0	0	0	0	0	0	0	35
27:15:00	98100	1	2	0	34	0	0	0	0	0	0	0	0	0	0	0	0	1	2	0	34
27:20:00	98400	0	0	0	34	0	0	0	0	0	0	0	0	0	0	0	0	0	0	0	34
27:25:00	98700	0	1	0	33	0	0	0	0	0	0	0	0	0	0	0	0	0	1	0	33
27:30:00	99000	1	1	0	33	0	0	0	0	0	0	0	0	0	0	0	0	1	1	0	33
27:35:00	99300	0	0	0	33	0	0	0	0	0	0	0	0	0	0	0	0	0	0	0	33
27:40:00	99600	0	2	0	31	0	0	0	0	0	0	0	0	0	0	0	0	0	2	0	31
27:45:00	99900	1	2	0	30	0	0	0	0	0	0	0	0	0	0	0	0	1	2	0	30
27:50:00	100200	0	0	0	30	0	0	0	0	0	0	0	0	0	0	0	0	0	0	0	30
27:55:00	100500	0	1	0	29	0	0	0	0	0	0	0	0	0	0	0	0	0	1	0	29
28:00:00	100800	1	3	0	27	0	0	0	0	0	0	0	0	0	0	0	0	1	3	0	27
28:05:00	101100	0	1	0	26	0	0	0	0	0	0	0	0	0	0	0	0	0	1	0	26
28:10:00	101400	1	2	0	25	0	0	0	0	0	0	0	0	0	0	0	0	1	2	0	25
28:15:00	101700	1	1	0	25	0	0	0	0	0	0	0	0	0	0	0	0	1	1	0	25
28:20:00	102000	1	2	0	24	0	0	0	0	0	0	0	0	0	0	0	0	1	2	0	24
28:25:00	102300	0	1	0	23	0	0	0	0	0	0	0	0	0	0	0	0	0	1	0	23
28:30:00	102600	0	0	0	23	0	0	0	0	0	0	0	0	0	0	0	0	0	0	0	23
28:35:00	102900	0	1	0	22	0	0	0	0	0	0	0	0	0	0	0	0	0	1	0	22
28:40:00	103200	0	0	0	22	0	0	0	0	0	0	0	0	0	0	0	0	0	0	0	22
28:45:00	103500	0	0	0	22	0	0	0	0	0	0	0	0	0	0	0	0	0	0	0	22
28:50:00	103800	0	1	0	21	0	0	0	0	0	0	0	0	0	0	0	0	0	1	0	21
28:55:00	104100	0	0	0	21	0	0	0	0	0	0	0	0	0	0	0	0	0	0	0	21
29:00:00	104400	0	2	0	19	0	0	0	0	0	0	0	0	0	0	0	0	0	2	0	19
29:05:00	104700	0	0	0	19	0	0	0	0	0	0	0	0	0	0	0	0	0	0	0	19
29:10:00	105000	0	0	0	19	0	0	0	0	0	0	0	0	0	0	0	0	0	0	0	19
29:15:00	105300	0	0	0	19	0	0	0	0	0	0	0	0	0	0	0	0	0	0	0	19
29:20:00	105600	0	0	0	19	0	0	0	0	0	0	0	0	0	0	0	0	0	0	0	19
29:25:00	105900	1	3	0	17	0	0	0	0	0	0	0	0	0	0	0	0	1	3	0	17
29:30:00	106200	0	1	0	16	0	0	0	0	0	0	0	0	0	0	0	0	0	1	0	16
29:35:00	106500	0	0	0	16	0	0	0	0	0	0	0	0	0	0	0	0	0	0	0	16
29:40:00	106800	0	0	0	16	0	0	0	0	0	0	0	0	0	0	0	0	0	0	0	16
29:45:00	107100	0	0	0	16	0	0	0	0	0	0	0	0	0	0	0	0	0	0	0	16
29:50:00	107400	0	1	0	15	0	0	0	0	0	0	0	0	0	0	0	0	0	1	0	15
29:55:00	107700	1	1	0	15	0	0	0	0	0	0	0	0	0	0	0	0	1	1	0	15
30:00:00	108000	0	0	15	0	0	0	0	0	0	0	0	0	0	0	0	0	0	0	15	0
30:05:00	108300	0	0	0	0	0	0	0	0	0	0	0	0	0	0	0	0	0	0	0	0
