time	time	departures_all	arrivals_all	stuck_all	en-route_all	departures_car	arrivals_car	stuck_car	en-route_car	departures_car_passenger	arrivals_car_passenger	stuck_car_passenger	en-route_car_passenger	departures_pt	arrivals_pt	stuck_pt	en-route_pt	departures_walk	arrivals_walk	stuck_walk	en-route_walk
00:00:00	0	0	0	0	0	0	0	0	0	0	0	0	0	0	0	0	0	0	0	0	0
00:05:00	300	0	0	0	0	0	0	0	0	0	0	0	0	0	0	0	0	0	0	0	0
00:10:00	600	0	0	0	0	0	0	0	0	0	0	0	0	0	0	0	0	0	0	0	0
00:15:00	900	0	0	0	0	0	0	0	0	0	0	0	0	0	0	0	0	0	0	0	0
00:20:00	1200	0	0	0	0	0	0	0	0	0	0	0	0	0	0	0	0	0	0	0	0
00:25:00	1500	0	0	0	0	0	0	0	0	0	0	0	0	0	0	0	0	0	0	0	0
00:30:00	1800	0	0	0	0	0	0	0	0	0	0	0	0	0	0	0	0	0	0	0	0
00:35:00	2100	0	0	0	0	0	0	0	0	0	0	0	0	0	0	0	0	0	0	0	0
00:40:00	2400	0	0	0	0	0	0	0	0	0	0	0	0	0	0	0	0	0	0	0	0
00:45:00	2700	0	0	0	0	0	0	0	0	0	0	0	0	0	0	0	0	0	0	0	0
00:50:00	3000	0	0	0	0	0	0	0	0	0	0	0	0	0	0	0	0	0	0	0	0
00:55:00	3300	0	0	0	0	0	0	0	0	0	0	0	0	0	0	0	0	0	0	0	0
01:00:00	3600	0	0	0	0	0	0	0	0	0	0	0	0	0	0	0	0	0	0	0	0
01:05:00	3900	0	0	0	0	0	0	0	0	0	0	0	0	0	0	0	0	0	0	0	0
01:10:00	4200	0	0	0	0	0	0	0	0	0	0	0	0	0	0	0	0	0	0	0	0
01:15:00	4500	0	0	0	0	0	0	0	0	0	0	0	0	0	0	0	0	0	0	0	0
01:20:00	4800	0	0	0	0	0	0	0	0	0	0	0	0	0	0	0	0	0	0	0	0
01:25:00	5100	0	0	0	0	0	0	0	0	0	0	0	0	0	0	0	0	0	0	0	0
01:30:00	5400	0	0	0	0	0	0	0	0	0	0	0	0	0	0	0	0	0	0	0	0
01:35:00	5700	0	0	0	0	0	0	0	0	0	0	0	0	0	0	0	0	0	0	0	0
01:40:00	6000	0	0	0	0	0	0	0	0	0	0	0	0	0	0	0	0	0	0	0	0
01:45:00	6300	0	0	0	0	0	0	0	0	0	0	0	0	0	0	0	0	0	0	0	0
01:50:00	6600	0	0	0	0	0	0	0	0	0	0	0	0	0	0	0	0	0	0	0	0
01:55:00	6900	0	0	0	0	0	0	0	0	0	0	0	0	0	0	0	0	0	0	0	0
02:00:00	7200	0	0	0	0	0	0	0	0	0	0	0	0	0	0	0	0	0	0	0	0
02:05:00	7500	0	0	0	0	0	0	0	0	0	0	0	0	0	0	0	0	0	0	0	0
02:10:00	7800	0	0	0	0	0	0	0	0	0	0	0	0	0	0	0	0	0	0	0	0
02:15:00	8100	0	0	0	0	0	0	0	0	0	0	0	0	0	0	0	0	0	0	0	0
02:20:00	8400	0	0	0	0	0	0	0	0	0	0	0	0	0	0	0	0	0	0	0	0
02:25:00	8700	0	0	0	0	0	0	0	0	0	0	0	0	0	0	0	0	0	0	0	0
02:30:00	9000	0	0	0	0	0	0	0	0	0	0	0	0	0	0	0	0	0	0	0	0
02:35:00	9300	0	0	0	0	0	0	0	0	0	0	0	0	0	0	0	0	0	0	0	0
02:40:00	9600	0	0	0	0	0	0	0	0	0	0	0	0	0	0	0	0	0	0	0	0
02:45:00	9900	0	0	0	0	0	0	0	0	0	0	0	0	0	0	0	0	0	0	0	0
02:50:00	10200	0	0	0	0	0	0	0	0	0	0	0	0	0	0	0	0	0	0	0	0
02:55:00	10500	0	0	0	0	0	0	0	0	0	0	0	0	0	0	0	0	0	0	0	0
03:00:00	10800	0	0	0	0	0	0	0	0	0	0	0	0	0	0	0	0	0	0	0	0
03:05:00	11100	0	0	0	0	0	0	0	0	0	0	0	0	0	0	0	0	0	0	0	0
03:10:00	11400	0	0	0	0	0	0	0	0	0	0	0	0	0	0	0	0	0	0	0	0
03:15:00	11700	0	0	0	0	0	0	0	0	0	0	0	0	0	0	0	0	0	0	0	0
03:20:00	12000	0	0	0	0	0	0	0	0	0	0	0	0	0	0	0	0	0	0	0	0
03:25:00	12300	0	0	0	0	0	0	0	0	0	0	0	0	0	0	0	0	0	0	0	0
03:30:00	12600	0	0	0	0	0	0	0	0	0	0	0	0	0	0	0	0	0	0	0	0
03:35:00	12900	0	0	0	0	0	0	0	0	0	0	0	0	0	0	0	0	0	0	0	0
03:40:00	13200	0	0	0	0	0	0	0	0	0	0	0	0	0	0	0	0	0	0	0	0
03:45:00	13500	0	0	0	0	0	0	0	0	0	0	0	0	0	0	0	0	0	0	0	0
03:50:00	13800	0	0	0	0	0	0	0	0	0	0	0	0	0	0	0	0	0	0	0	0
03:55:00	14100	0	0	0	0	0	0	0	0	0	0	0	0	0	0	0	0	0	0	0	0
04:00:00	14400	14	10	0	4	8	7	0	1	1	1	0	0	2	0	0	2	3	2	0	1
04:05:00	14700	0	0	0	4	0	0	0	1	0	0	0	0	0	0	0	2	0	0	0	1
04:10:00	15000	0	0	0	4	0	0	0	1	0	0	0	0	0	0	0	2	0	0	0	1
04:15:00	15300	5	4	0	5	3	3	0	1	0	0	0	0	1	0	0	3	1	1	0	1
04:20:00	15600	0	1	0	4	0	0	0	1	0	0	0	0	0	0	0	3	0	1	0	0
04:25:00	15900	0	0	0	4	0	0	0	1	0	0	0	0	0	0	0	3	0	0	0	0
04:30:00	16200	17	12	0	9	13	11	0	3	1	1	0	0	0	0	0	3	3	0	0	3
04:35:00	16500	1	1	0	9	0	0	0	3	0	0	0	0	1	0	0	4	0	1	0	2
04:40:00	16800	2	1	0	10	1	1	0	3	1	0	0	1	0	0	0	4	0	0	0	2
04:45:00	17100	6	3	0	13	3	3	0	3	0	0	0	1	0	0	0	4	3	0	0	5
04:50:00	17400	1	1	0	13	0	0	0	3	0	0	0	1	1	0	0	5	0	1	0	4
04:55:00	17700	1	3	0	11	0	2	0	1	0	0	0	1	1	0	0	6	0	1	0	3
05:00:00	18000	32	20	0	23	21	15	0	7	3	4	0	0	1	0	0	7	7	1	0	9
05:05:00	18300	3	3	0	23	1	1	0	7	0	0	0	0	2	0	0	9	0	2	0	7
05:10:00	18600	3	2	0	24	2	1	0	8	0	0	0	0	1	0	0	10	0	1	0	6
05:15:00	18900	15	7	0	32	8	4	0	12	1	0	0	1	3	0	0	13	3	3	0	6
05:20:00	19200	1	7	0	26	1	6	0	7	0	0	0	1	0	0	0	13	0	1	0	5
05:25:00	19500	6	5	0	27	3	2	0	8	0	0	0	1	2	1	0	14	1	2	0	4
05:30:00	19800	66	45	0	48	51	41	0	18	2	1	0	2	3	1	0	16	10	2	0	12
05:35:00	20100	5	9	0	44	0	4	0	14	0	0	0	2	3	2	0	17	2	3	0	11
05:40:00	20400	19	16	0	47	8	9	0	13	0	1	0	1	4	2	0	19	7	4	0	14
05:45:00	20700	49	28	0	68	24	18	0	19	1	0	0	2	5	1	0	23	19	9	0	24
05:50:00	21000	15	22	0	61	0	4	0	15	0	1	0	1	10	7	0	26	5	10	0	19
05:55:00	21300	11	14	0	58	4	7	0	12	0	0	0	1	3	2	0	27	4	5	0	18
06:00:00	21600	155	102	0	111	79	65	0	26	9	8	0	2	19	4	0	42	48	25	0	41
06:05:00	21900	15	27	0	99	0	5	0	21	0	1	0	1	11	4	0	49	4	17	0	28
06:10:00	22200	26	27	0	98	7	10	0	18	1	1	0	1	9	6	0	52	9	10	0	27
06:15:00	22500	90	71	0	117	50	45	0	23	4	4	0	1	10	3	0	59	26	19	0	34
06:20:00	22800	26	36	0	107	3	10	0	16	0	1	0	0	14	8	0	65	9	17	0	26
06:25:00	23100	36	41	0	102	11	13	0	14	1	1	0	0	12	8	0	69	12	19	0	19
06:30:00	23400	277	167	0	212	142	96	0	60	21	20	0	1	33	14	0	88	81	37	0	63
06:35:00	23700	36	69	0	179	0	26	0	34	0	0	0	1	24	15	0	97	12	28	0	47
06:40:00	24000	96	94	0	181	34	32	0	36	9	9	0	1	26	19	0	104	27	34	0	40
06:45:00	24300	280	192	0	269	134	110	0	60	27	26	0	2	32	16	0	120	87	40	0	87
06:50:00	24600	55	89	0	235	0	16	0	44	0	1	0	1	34	22	0	132	21	50	0	58
06:55:00	24900	66	79	0	222	14	22	0	36	4	4	0	1	23	20	0	135	25	33	0	50
07:00:00	25200	609	224	0	607	300	47	0	289	74	66	0	9	62	34	0	163	173	77	0	146
07:05:00	25500	91	304	0	394	11	197	0	103	1	1	0	9	46	33	0	176	33	73	0	106
07:10:00	25800	135	162	0	367	51	77	0	77	11	12	0	8	28	24	0	180	45	49	0	102
07:15:00	26100	396	299	0	464	162	143	0	96	51	50	0	9	43	38	0	185	140	68	0	174
07:20:00	26400	72	139	0	397	3	19	0	80	0	6	0	3	38	33	0	190	31	81	0	124
07:25:00	26700	101	144	0	354	16	35	0	61	4	5	0	2	29	41	0	178	52	63	0	113
07:30:00	27000	674	310	0	718	318	102	0	277	99	88	0	13	55	31	0	202	202	89	0	226
07:35:00	27300	91	342	0	467	12	196	0	93	0	4	0	9	39	38	0	203	40	104	0	162
07:40:00	27600	204	222	0	449	61	66	0	88	11	13	0	7	49	48	0	204	83	95	0	150
07:45:00	27900	466	369	0	546	208	183	0	113	59	57	0	9	40	38	0	206	159	91	0	218
07:50:00	28200	79	153	0	472	7	23	0	97	0	3	0	6	32	42	0	196	40	85	0	173
07:55:00	28500	128	171	1	428	36	49	0	84	7	8	0	5	28	51	1	172	57	63	0	167
08:00:00	28800	706	325	0	809	305	80	0	309	85	80	0	10	72	34	0	210	244	131	0	280
08:05:00	29100	206	387	0	628	82	217	0	174	15	16	0	9	40	41	0	209	69	113	0	236
08:10:00	29400	108	236	0	500	10	89	0	95	1	3	0	7	43	57	0	195	54	87	0	203
08:15:00	29700	228	231	0	497	85	88	0	92	16	16	0	7	35	45	0	185	92	82	0	213
08:20:00	30000	163	189	1	470	65	65	0	92	10	10	0	7	26	43	1	167	62	71	0	204
08:25:00	30300	58	137	0	391	3	35	0	60	0	3	0	4	21	32	0	156	34	67	0	171
08:30:00	30600	375	197	0	569	175	73	0	162	27	26	0	5	32	30	0	158	141	68	0	244
08:35:00	30900	129	247	0	451	32	132	0	62	2	3	0	4	28	44	0	142	67	68	0	243
08:40:00	31200	65	120	0	396	2	14	0	50	0	0	0	4	36	30	0	148	27	76	0	194
08:45:00	31500	131	137	0	390	48	52	0	46	11	11	0	4	19	27	0	140	53	47	0	200
08:50:00	31800	86	116	0	360	17	23	0	40	1	2	0	3	17	32	0	125	51	59	0	192
08:55:00	32100	52	94	0	318	3	17	0	26	0	0	0	3	22	30	0	117	27	47	0	172
09:00:00	32400	297	179	0	436	146	69	0	103	23	21	0	5	39	24	0	132	89	65	0	196
09:05:00	32700	83	166	0	353	23	90	0	36	1	1	0	5	25	30	0	127	34	45	0	185
09:10:00	33000	37	76	0	314	0	7	0	29	0	3	0	2	14	23	0	118	23	43	0	165
09:15:00	33300	96	101	0	309	29	25	0	33	8	8	0	2	18	24	0	112	41	44	0	162
09:20:00	33600	57	67	0	299	16	20	0	29	6	6	0	2	9	19	0	102	26	22	0	166
09:25:00	33900	44	78	0	265	1	15	0	15	0	0	0	2	19	25	0	96	24	38	0	152
09:30:00	34200	187	146	0	306	99	81	0	33	15	15	0	2	15	18	0	93	58	32	0	178
09:35:00	34500	49	64	0	291	13	17	0	29	0	0	0	2	17	9	0	101	19	38	0	159
09:40:00	34800	31	60	0	262	1	9	0	21	0	1	0	1	9	20	0	90	21	30	0	150
09:45:00	35100	78	81	0	259	30	32	0	19	2	2	0	1	14	20	0	84	32	27	0	155
09:50:00	35400	50	55	0	254	18	18	0	19	3	1	0	3	9	16	0	77	20	20	0	155
09:55:00	35700	45	71	0	228	0	10	0	9	0	0	0	3	18	25	0	70	27	36	0	146
10:00:00	36000	303	138	0	393	139	50	0	98	40	33	0	10	25	9	0	86	99	46	0	199
10:05:00	36300	75	154	0	314	23	82	0	39	5	5	0	10	22	15	0	93	25	52	0	172
10:10:00	36600	41	58	0	297	5	6	0	38	0	1	0	9	15	19	0	89	21	32	0	161
10:15:00	36900	66	82	0	281	25	27	0	36	3	6	0	6	11	16	0	84	27	33	0	155
10:20:00	37200	60	78	0	263	18	25	0	29	4	7	0	3	15	18	0	81	23	28	0	150
10:25:00	37500	31	60	0	234	3	13	0	19	0	1	0	2	14	19	0	76	14	27	0	137
10:30:00	37800	223	190	0	267	124	114	0	29	18	17	0	3	19	19	0	76	62	40	0	159
10:35:00	38100	51	65	0	253	17	17	0	29	4	3	0	4	7	14	0	69	23	31	0	151
10:40:00	38400	26	51	0	228	0	4	0	25	0	1	0	3	13	15	0	67	13	31	0	133
10:45:00	38700	79	75	0	232	30	25	0	30	3	3	0	3	14	14	0	67	32	33	0	132
10:50:00	39000	49	74	0	207	15	22	0	23	3	4	0	2	13	15	0	65	18	33	0	117
10:55:00	39300	21	38	0	190	0	7	0	16	0	1	0	1	6	13	0	58	15	17	0	115
11:00:00	39600	241	162	0	269	125	104	0	37	18	12	0	7	16	10	0	64	82	36	0	161
11:05:00	39900	60	71	0	258	25	24	0	38	6	4	0	9	16	8	0	72	13	35	0	139
11:10:00	40200	34	49	0	243	2	9	0	31	0	0	0	9	15	12	0	75	17	28	0	128
11:15:00	40500	81	75	0	249	37	32	0	36	8	8	0	9	12	11	0	76	24	24	0	128
11:20:00	40800	74	74	0	249	30	32	0	34	10	13	0	6	8	10	0	74	26	19	0	135
11:25:00	41100	27	60	0	216	1	15	0	20	2	4	0	4	9	17	0	66	15	24	0	126
11:30:00	41400	251	169	0	298	114	98	0	36	31	25	0	10	15	10	0	71	91	36	0	181
11:35:00	41700	44	70	0	272	16	20	0	32	6	7	0	9	12	4	0	79	10	39	0	152
11:40:00	42000	31	57	0	246	0	5	0	27	0	1	0	8	15	15	0	79	16	36	0	132
11:45:00	42300	100	102	0	244	41	35	0	33	8	11	0	5	15	15	0	79	36	41	0	127
11:50:00	42600	85	93	0	236	34	35	0	32	4	6	0	3	11	19	0	71	36	33	0	130
11:55:00	42900	34	65	0	205	2	15	0	19	1	2	0	2	17	15	0	73	14	33	0	111
12:00:00	43200	412	186	0	431	233	104	0	148	25	19	0	8	36	11	0	98	118	52	0	177
12:05:00	43500	85	182	0	334	22	117	0	53	9	8	0	9	24	21	0	101	30	36	0	171
12:10:00	43800	41	77	0	298	0	5	0	48	0	1	0	8	20	21	0	100	21	50	0	142
12:15:00	44100	109	107	0	300	53	53	0	48	6	6	0	8	11	17	0	94	39	31	0	150
12:20:00	44400	95	111	0	284	26	30	0	44	14	20	0	2	14	18	0	90	41	43	0	148
12:25:00	44700	44	78	0	250	0	16	0	28	0	2	0	0	17	26	0	81	27	34	0	141
12:30:00	45000	263	207	0	306	135	122	0	41	39	27	0	12	13	16	0	78	76	42	0	175
12:35:00	45300	82	100	0	288	38	43	0	36	3	3	0	12	13	11	0	80	28	43	0	160
12:40:00	45600	45	74	0	259	1	7	0	30	0	1	0	11	20	23	0	77	24	43	0	141
12:45:00	45900	115	108	0	266	51	49	0	32	3	3	0	11	17	14	0	80	44	42	0	143
12:50:00	46200	93	100	0	259	35	40	0	27	5	14	0	2	14	14	0	80	39	32	0	150
12:55:00	46500	39	64	0	234	0	12	0	15	0	0	0	2	18	19	0	79	21	33	0	138
13:00:00	46800	393	204	0	423	193	85	0	123	30	29	0	3	48	16	0	111	122	74	0	186
13:05:00	47100	97	174	0	346	36	104	0	55	4	3	0	4	25	19	0	117	32	48	0	170
13:10:00	47400	55	91	0	310	1	20	0	36	0	0	0	4	23	25	0	115	31	46	0	155
13:15:00	47700	126	130	0	306	46	40	0	42	7	6	0	5	24	35	0	104	49	49	0	155
13:20:00	48000	93	122	0	277	38	42	0	38	3	4	0	4	19	25	0	98	33	51	0	137
13:25:00	48300	51	85	0	243	1	18	0	21	3	3	0	4	17	29	0	86	30	35	0	132
13:30:00	48600	215	178	0	280	103	89	0	35	25	22	0	7	22	15	0	93	65	52	0	145
13:35:00	48900	80	92	0	268	26	30	0	31	4	3	0	8	18	20	0	91	32	39	0	138
13:40:00	49200	40	59	0	249	2	6	0	27	0	0	0	8	14	24	0	81	24	29	0	133
13:45:00	49500	86	91	0	244	43	42	0	28	4	5	0	7	12	13	0	80	27	31	0	129
13:50:00	49800	58	65	0	237	21	22	0	27	7	12	0	2	12	13	0	79	18	18	0	129
13:55:00	50100	29	57	0	209	1	14	0	14	0	1	0	1	13	14	0	78	15	28	0	116
14:00:00	50400	338	155	0	392	167	65	0	116	40	30	0	11	20	18	0	80	111	42	0	185
14:05:00	50700	85	150	0	327	27	90	0	53	9	8	0	12	20	12	0	88	29	40	0	174
14:10:00	51000	46	70	0	303	0	7	0	46	0	1	0	11	26	13	0	101	20	49	0	145
14:15:00	51300	87	86	0	304	39	42	0	43	6	7	0	10	16	13	0	104	26	24	0	147
14:20:00	51600	77	95	0	286	28	29	0	42	4	9	0	5	14	23	0	95	31	34	0	144
14:25:00	51900	51	86	1	250	1	19	0	24	1	2	0	4	18	27	1	85	31	38	0	137
14:30:00	52200	235	207	0	278	130	118	0	36	16	18	0	2	19	20	0	84	70	51	0	156
14:35:00	52500	84	90	1	271	30	20	0	46	7	8	0	1	21	15	1	89	26	47	0	135
14:40:00	52800	41	63	0	249	1	7	0	40	0	0	0	1	15	23	0	81	25	33	0	127
14:45:00	53100	128	120	0	257	48	45	0	43	13	13	0	1	24	20	0	85	43	42	0	128
14:50:00	53400	73	85	0	245	33	41	0	35	4	4	0	1	9	13	0	81	27	27	0	128
14:55:00	53700	46	80	0	211	1	16	0	20	0	0	0	1	18	27	0	72	27	37	0	118
15:00:00	54000	359	140	0	430	173	60	0	133	30	23	0	8	29	10	0	91	127	47	0	198
15:05:00	54300	120	207	0	343	35	120	0	48	9	8	0	9	25	15	0	101	51	64	0	185
15:10:00	54600	51	88	0	306	0	3	0	45	0	0	0	9	26	21	0	106	25	64	0	146
15:15:00	54900	227	171	0	362	61	54	0	52	15	13	0	11	33	27	0	112	118	77	0	187
15:20:00	55200	109	118	0	353	35	39	0	48	13	14	0	10	15	14	0	113	46	51	0	182
15:25:00	55500	48	96	0	305	0	19	0	29	0	0	0	10	23	24	0	112	25	53	0	154
15:30:00	55800	533	210	0	628	242	41	0	230	56	51	0	15	47	24	0	135	188	94	0	248
15:35:00	56100	180	317	0	491	56	175	0	111	14	18	0	11	42	30	0	147	68	94	0	222
15:40:00	56400	57	145	0	403	3	47	0	67	0	4	0	7	30	20	0	157	24	74	0	172
15:45:00	56700	214	192	0	425	82	74	0	75	27	25	0	9	36	33	0	160	69	60	0	181
15:50:00	57000	142	163	0	404	50	51	0	74	16	15	0	10	25	34	0	151	51	63	0	169
15:55:00	57300	68	123	0	349	1	24	0	51	0	3	0	7	31	34	0	148	36	62	0	143
16:00:00	57600	875	268	0	956	427	66	0	412	83	72	0	18	73	24	0	197	292	106	0	329
16:05:00	57900	100	200	0	856	7	60	0	359	4	5	0	17	56	29	0	224	33	106	0	256
16:10:00	58200	189	347	0	698	40	185	0	214	14	14	0	17	58	50	0	232	77	98	0	235
16:15:00	58500	421	251	0	868	162	65	0	311	61	59	0	19	43	36	0	239	155	91	0	299
16:20:00	58800	100	237	1	730	7	86	0	232	2	9	0	12	44	43	1	239	47	99	0	247
16:25:00	59100	145	328	0	547	24	166	0	90	20	22	0	10	42	47	0	234	59	93	0	213
16:30:00	59400	769	308	0	1008	396	54	0	432	85	80	0	15	82	50	0	266	206	124	0	295
16:35:00	59700	107	351	0	764	8	212	0	228	2	3	0	14	55	41	0	280	42	95	0	242
16:40:00	60000	161	308	1	616	47	158	0	117	15	16	0	13	39	51	1	267	60	83	0	219
16:45:00	60300	360	364	0	612	154	162	0	109	50	44	0	19	52	64	0	255	104	94	0	229
16:50:00	60600	104	176	0	540	5	26	0	88	3	10	0	12	33	58	0	230	63	82	0	210
16:55:00	60900	125	177	0	488	24	44	0	68	19	21	0	10	30	49	0	211	52	63	0	199
17:00:00	61200	843	297	0	1034	461	75	0	454	75	69	0	16	63	43	0	231	244	110	0	333
17:05:00	61500	118	399	0	753	7	232	0	229	1	3	0	14	61	41	0	251	49	123	0	259
17:10:00	61800	163	240	0	676	42	94	0	177	13	13	0	14	44	48	0	247	64	85	0	238
17:15:00	62100	330	278	0	728	144	95	0	226	57	55	0	16	42	44	0	245	87	84	0	241
17:20:00	62400	102	268	1	561	3	124	0	105	2	9	0	9	31	52	1	223	66	83	0	224
17:25:00	62700	142	197	1	505	23	45	0	83	16	19	0	6	40	54	1	208	63	79	0	208
17:30:00	63000	526	277	0	754	277	74	0	286	61	52	0	15	48	47	0	209	140	104	0	244
17:35:00	63300	76	277	1	552	5	165	0	126	0	2	0	13	30	36	1	202	41	74	0	211
17:40:00	63600	138	203	0	487	25	71	0	80	18	18	0	13	34	48	0	188	61	66	0	206
17:45:00	63900	201	226	0	462	97	105	0	72	20	20	0	13	29	32	0	185	55	69	0	192
17:50:00	64200	75	116	0	421	2	20	0	54	1	2	0	12	23	45	0	163	49	49	0	192
17:55:00	64500	138	175	0	384	37	49	0	42	3	7	0	8	42	44	0	161	56	75	0	173
18:00:00	64800	492	278	0	598	252	111	0	183	75	60	0	23	35	32	0	164	130	75	0	228
18:05:00	65100	69	218	0	449	1	120	0	64	2	3	0	22	31	35	0	160	35	60	0	203
18:10:00	65400	104	134	0	419	17	23	0	58	7	7	0	22	28	46	0	142	52	58	0	197
18:15:00	65700	180	176	0	423	83	77	0	64	26	30	0	18	22	21	0	143	49	48	0	198
18:20:00	66000	74	118	0	379	2	13	0	53	0	12	0	6	30	40	0	133	42	53	0	187
18:25:00	66300	83	121	0	341	13	32	0	34	7	6	0	7	27	36	0	124	36	47	0	176
18:30:00	66600	292	229	0	404	158	122	0	70	48	44	0	11	17	22	0	119	69	41	0	204
18:35:00	66900	51	101	0	354	3	26	0	47	0	1	0	10	18	24	0	113	30	50	0	184
18:40:00	67200	90	107	0	337	19	29	0	37	7	7	0	10	22	27	0	108	42	44	0	182
18:45:00	67500	145	146	0	336	58	58	0	37	31	27	0	14	13	21	0	100	43	40	0	185
18:50:00	67800	44	76	1	303	4	12	0	29	2	7	0	9	20	16	1	103	18	41	0	162
18:55:00	68100	66	87	0	282	19	26	0	22	9	10	0	8	13	22	0	94	25	29	0	158
19:00:00	68400	344	194	0	432	177	73	0	126	49	44	0	13	25	26	0	93	93	51	0	200
19:05:00	68700	41	141	0	332	3	78	0	51	1	6	0	8	19	17	0	95	18	40	0	178
19:10:00	69000	55	70	0	317	11	15	0	47	7	6	0	9	16	15	0	96	21	34	0	165
19:15:00	69300	155	136	0	336	62	54	0	55	31	26	0	14	14	25	0	85	48	31	0	182
19:20:00	69600	38	65	0	309	2	10	0	47	1	5	0	10	12	21	0	76	23	29	0	176
19:25:00	69900	46	72	0	283	12	25	0	34	4	5	0	9	6	18	0	64	24	24	0	176
19:30:00	70200	211	185	0	309	96	90	0	40	41	37	0	13	25	13	0	76	49	45	0	180
19:35:00	70500	33	59	0	283	0	10	0	30	1	4	0	10	11	18	0	69	21	27	0	174
19:40:00	70800	61	73	0	271	18	24	0	24	6	5	0	11	10	16	0	63	27	28	0	173
19:45:00	71100	104	114	0	261	44	47	0	21	20	20	0	11	11	14	0	60	29	33	0	169
19:50:00	71400	26	44	0	243	2	10	0	13	0	4	0	7	14	11	0	63	10	19	0	160
19:55:00	71700	23	38	0	228	3	8	0	8	2	3	0	6	5	12	0	56	13	15	0	158
20:00:00	72000	220	166	1	281	112	89	0	31	43	38	0	11	16	9	1	62	49	30	0	177
20:05:00	72300	33	52	0	262	2	5	0	28	0	3	0	8	11	20	0	53	20	24	0	173
20:10:00	72600	45	52	0	255	7	8	0	27	7	7	0	8	9	15	0	47	22	22	0	173
20:15:00	72900	91	81	0	265	41	39	0	29	16	14	0	10	9	5	0	51	25	23	0	175
20:20:00	73200	23	49	0	239	0	8	0	21	0	5	0	5	4	13	0	42	19	23	0	171
20:25:00	73500	31	48	0	222	4	13	0	12	2	2	0	5	7	5	0	44	18	28	0	161
20:30:00	73800	159	132	0	249	78	61	0	29	38	32	0	11	9	12	0	41	34	27	0	168
20:35:00	74100	17	28	0	238	1	4	0	26	0	2	0	9	6	6	0	41	10	16	0	162
20:40:00	74400	32	49	0	221	4	10	0	20	3	4	0	8	9	13	0	37	16	22	0	156
20:45:00	74700	70	69	0	222	40	36	0	24	11	12	0	7	7	5	0	39	12	16	0	152
20:50:00	75000	17	33	0	206	0	5	0	19	0	4	0	3	9	7	0	41	8	17	0	143
20:55:00	75300	19	35	0	190	2	12	0	9	1	2	0	2	4	6	0	39	12	15	0	140
21:00:00	75600	208	148	0	250	112	89	0	32	37	30	0	9	16	5	0	50	43	24	0	159
21:05:00	75900	23	35	0	238	0	4	0	28	0	2	0	7	15	8	0	57	8	21	0	146
21:10:00	76200	38	46	0	230	6	8	0	26	8	8	0	7	8	10	0	55	16	20	0	142
21:15:00	76500	85	83	0	232	28	28	0	26	20	20	0	7	7	14	0	48	30	21	0	151
21:20:00	76800	15	33	0	214	1	6	0	21	0	3	0	4	5	7	0	46	9	17	0	143
21:25:00	77100	28	50	0	192	9	20	0	10	0	0	0	4	7	14	0	39	12	16	0	139
21:30:00	77400	129	111	0	210	64	51	0	23	23	21	0	6	10	13	0	36	32	26	0	145
21:35:00	77700	18	31	0	197	0	3	0	20	0	1	0	5	7	6	0	37	11	21	0	135
21:40:00	78000	35	40	0	192	11	15	0	16	2	2	0	5	11	7	0	41	11	16	0	130
21:45:00	78300	57	56	0	193	21	21	0	16	9	8	0	6	9	10	0	40	18	17	0	131
21:50:00	78600	17	30	0	180	1	6	0	11	0	3	0	3	5	9	0	36	11	12	0	130
21:55:00	78900	17	31	0	166	5	9	0	7	1	1	0	3	4	6	0	34	7	15	0	122
22:00:00	79200	138	96	0	208	69	53	0	23	16	12	0	7	13	7	0	40	40	24	0	138
22:05:00	79500	20	33	0	195	1	4	0	20	0	1	0	6	12	8	0	44	7	20	0	125
22:10:00	79800	25	32	0	188	4	3	0	21	0	0	0	6	6	12	0	38	15	17	0	123
22:15:00	80100	40	47	0	181	13	15	0	19	2	3	0	5	9	9	0	38	16	20	0	119
22:20:00	80400	22	39	0	164	0	5	0	14	0	4	0	1	4	13	0	29	18	17	0	120
22:25:00	80700	10	22	0	152	0	8	0	6	0	0	0	1	2	3	0	28	8	11	0	117
22:30:00	81000	82	72	0	162	42	39	0	9	9	8	0	2	9	8	0	29	22	17	0	122
22:35:00	81300	7	13	0	156	0	3	0	6	0	0	0	2	3	4	0	28	4	6	0	120
22:40:00	81600	25	30	0	151	12	11	0	7	0	0	0	2	6	8	0	26	7	11	0	116
22:45:00	81900	35	34	0	152	8	7	0	8	6	3	0	5	6	10	0	22	15	14	0	117
22:50:00	82200	18	31	0	139	0	3	0	5	0	2	0	3	6	8	0	20	12	18	0	111
22:55:00	82500	9	15	0	133	3	3	0	5	0	0	0	3	2	4	0	18	4	8	0	107
23:00:00	82800	81	64	0	150	38	32	0	11	10	9	0	4	11	3	0	26	22	20	0	109
23:05:00	83100	14	24	0	140	1	3	0	9	0	2	0	2	7	6	0	27	6	13	0	102
23:10:00	83400	14	16	0	138	3	4	0	8	3	3	0	2	1	5	0	23	7	4	0	105
23:15:00	83700	23	29	0	132	8	10	0	6	4	4	0	2	4	4	0	23	7	11	0	101
23:20:00	84000	21	30	0	123	1	2	0	5	0	2	0	0	5	11	0	17	15	15	0	101
23:25:00	84300	15	22	0	116	2	1	0	6	3	3	0	0	3	3	0	17	7	15	0	93
23:30:00	84600	36	28	0	124	18	12	0	12	6	5	0	1	4	3	0	18	8	8	0	93
23:35:00	84900	9	16	0	117	0	2	0	10	2	2	0	1	3	3	0	18	4	9	0	88
23:40:00	85200	12	18	0	111	0	4	0	6	0	0	0	1	6	5	0	19	6	9	0	85
23:45:00	85500	18	18	0	111	10	10	0	6	2	2	0	1	1	2	0	18	5	4	0	86
23:50:00	85800	7	16	0	102	2	6	0	2	0	0	0	1	1	2	0	17	4	8	0	82
23:55:00	86100	136	82	0	156	74	54	0	22	26	15	0	12	5	3	0	19	31	10	0	103
24:00:00	86400	13	15	0	154	0	0	0	22	1	1	0	12	6	3	0	22	6	11	0	98
24:05:00	86700	10	13	0	151	0	0	0	22	0	1	0	11	7	1	0	28	3	11	0	90
24:10:00	87000	13	22	0	142	0	4	0	18	0	2	0	9	4	9	0	23	9	7	0	92
24:15:00	87300	12	32	0	122	0	9	0	9	2	8	0	3	3	6	0	20	7	9	0	90
24:20:00	87600	8	16	0	114	2	6	0	5	0	0	0	3	1	5	0	16	5	5	0	90
24:25:00	87900	6	13	0	107	0	0	0	5	0	1	0	2	0	3	0	13	6	9	0	87
24:30:00	88200	8	12	0	103	0	1	0	4	0	2	0	0	2	6	0	9	6	3	0	90
24:35:00	88500	2	10	0	95	0	2	0	2	0	0	0	0	1	1	0	9	1	7	0	84
24:40:00	88800	3	5	0	93	0	1	0	1	0	0	0	0	1	2	0	8	2	2	0	84
24:45:00	89100	7	12	0	88	1	2	0	0	3	3	0	0	0	3	0	5	3	4	0	83
24:50:00	89400	5	8	0	85	0	0	0	0	0	0	0	0	2	4	0	3	3	4	0	82
24:55:00	89700	0	4	0	81	0	0	0	0	0	0	0	0	0	0	0	3	0	4	0	78
25:00:00	90000	0	6	0	75	0	0	0	0	0	0	0	0	0	0	0	3	0	6	0	72
25:05:00	90300	0	0	0	75	0	0	0	0	0	0	0	0	0	0	0	3	0	0	0	72
25:10:00	90600	2	5	0	72	0	0	0	0	0	0	0	0	0	1	0	2	2	4	0	70
25:15:00	90900	2	3	0	71	0	0	0	0	0	0	0	0	0	1	0	1	2	2	0	70
25:20:00	91200	2	4	0	69	0	0	0	0	0	0	0	0	0	0	0	1	2	4	0	68
25:25:00	91500	3	3	0	69	0	0	0	0	0	0	0	0	0	0	0	1	3	3	0	68
25:30:00	91800	1	4	0	66	0	0	0	0	0	0	0	0	0	0	0	1	1	4	0	65
25:35:00	92100	1	3	0	64	0	0	0	0	0	0	0	0	0	1	0	0	1	2	0	64
25:40:00	92400	1	1	0	64	0	0	0	0	0	0	0	0	0	0	0	0	1	1	0	64
25:45:00	92700	0	1	0	63	0	0	0	0	0	0	0	0	0	0	0	0	0	1	0	63
25:50:00	93000	1	2	0	62	0	0	0	0	0	0	0	0	0	0	0	0	1	2	0	62
25:55:00	93300	1	5	0	58	0	0	0	0	0	0	0	0	0	0	0	0	1	5	0	58
26:00:00	93600	2	4	0	56	0	0	0	0	0	0	0	0	0	0	0	0	2	4	0	56
26:05:00	93900	0	2	0	54	0	0	0	0	0	0	0	0	0	0	0	0	0	2	0	54
26:10:00	94200	0	0	0	54	0	0	0	0	0	0	0	0	0	0	0	0	0	0	0	54
26:15:00	94500	1	4	0	51	0	0	0	0	0	0	0	0	0	0	0	0	1	4	0	51
26:20:00	94800	1	3	0	49	0	0	0	0	0	0	0	0	0	0	0	0	1	3	0	49
26:25:00	95100	0	0	0	49	0	0	0	0	0	0	0	0	0	0	0	0	0	0	0	49
26:30:00	95400	0	2	0	47	0	0	0	0	0	0	0	0	0	0	0	0	0	2	0	47
26:35:00	95700	0	3	0	44	0	0	0	0	0	0	0	0	0	0	0	0	0	3	0	44
26:40:00	96000	0	1	0	43	0	0	0	0	0	0	0	0	0	0	0	0	0	1	0	43
26:45:00	96300	0	2	0	41	0	0	0	0	0	0	0	0	0	0	0	0	0	2	0	41
26:50:00	96600	1	3	0	39	1	1	0	0	0	0	0	0	0	0	0	0	0	2	0	39
26:55:00	96900	0	0	0	39	0	0	0	0	0	0	0	0	0	0	0	0	0	0	0	39
27:00:00	97200	0	0	0	39	0	0	0	0	0	0	0	0	0	0	0	0	0	0	0	39
27:05:00	97500	1	1	0	39	0	0	0	0	0	0	0	0	0	0	0	0	1	1	0	39
27:10:00	97800	0	0	0	39	0	0	0	0	0	0	0	0	0	0	0	0	0	0	0	39
27:15:00	98100	2	3	0	38	0	0	0	0	0	0	0	0	0	0	0	0	2	3	0	38
27:20:00	98400	1	2	0	37	0	0	0	0	0	0	0	0	0	0	0	0	1	2	0	37
27:25:00	98700	0	0	0	37	0	0	0	0	0	0	0	0	0	0	0	0	0	0	0	37
27:30:00	99000	1	1	0	37	0	0	0	0	0	0	0	0	0	0	0	0	1	1	0	37
27:35:00	99300	0	0	0	37	0	0	0	0	0	0	0	0	0	0	0	0	0	0	0	37
27:40:00	99600	0	2	0	35	0	0	0	0	0	0	0	0	0	0	0	0	0	2	0	35
27:45:00	99900	1	2	0	34	0	0	0	0	0	0	0	0	0	0	0	0	1	2	0	34
27:50:00	100200	0	0	0	34	0	0	0	0	0	0	0	0	0	0	0	0	0	0	0	34
27:55:00	100500	0	2	0	32	0	0	0	0	0	0	0	0	0	0	0	0	0	2	0	32
28:00:00	100800	1	2	0	31	0	0	0	0	0	0	0	0	0	0	0	0	1	2	0	31
28:05:00	101100	0	1	0	30	0	0	0	0	0	0	0	0	0	0	0	0	0	1	0	30
28:10:00	101400	1	2	0	29	0	0	0	0	0	0	0	0	0	0	0	0	1	2	0	29
28:15:00	101700	1	1	0	29	0	0	0	0	0	0	0	0	0	0	0	0	1	1	0	29
28:20:00	102000	1	1	0	29	0	0	0	0	0	0	0	0	0	0	0	0	1	1	0	29
28:25:00	102300	0	0	0	29	0	0	0	0	0	0	0	0	0	0	0	0	0	0	0	29
28:30:00	102600	0	0	0	29	0	0	0	0	0	0	0	0	0	0	0	0	0	0	0	29
28:35:00	102900	0	1	0	28	0	0	0	0	0	0	0	0	0	0	0	0	0	1	0	28
28:40:00	103200	1	1	0	28	0	0	0	0	0	0	0	0	0	0	0	0	1	1	0	28
28:45:00	103500	0	0	0	28	0	0	0	0	0	0	0	0	0	0	0	0	0	0	0	28
28:50:00	103800	0	1	0	27	0	0	0	0	0	0	0	0	0	0	0	0	0	1	0	27
28:55:00	104100	0	0	0	27	0	0	0	0	0	0	0	0	0	0	0	0	0	0	0	27
29:00:00	104400	0	2	0	25	0	0	0	0	0	0	0	0	0	0	0	0	0	2	0	25
29:05:00	104700	0	0	0	25	0	0	0	0	0	0	0	0	0	0	0	0	0	0	0	25
29:10:00	105000	0	0	0	25	0	0	0	0	0	0	0	0	0	0	0	0	0	0	0	25
29:15:00	105300	0	0	0	25	0	0	0	0	0	0	0	0	0	0	0	0	0	0	0	25
29:20:00	105600	0	0	0	25	0	0	0	0	0	0	0	0	0	0	0	0	0	0	0	25
29:25:00	105900	1	3	0	23	0	0	0	0	0	0	0	0	0	0	0	0	1	3	0	23
29:30:00	106200	0	1	0	22	0	0	0	0	0	0	0	0	0	0	0	0	0	1	0	22
29:35:00	106500	0	1	0	21	0	0	0	0	0	0	0	0	0	0	0	0	0	1	0	21
29:40:00	106800	0	0	0	21	0	0	0	0	0	0	0	0	0	0	0	0	0	0	0	21
29:45:00	107100	0	0	0	21	0	0	0	0	0	0	0	0	0	0	0	0	0	0	0	21
29:50:00	107400	0	1	0	20	0	0	0	0	0	0	0	0	0	0	0	0	0	1	0	20
29:55:00	107700	1	1	0	20	0	0	0	0	0	0	0	0	0	0	0	0	1	1	0	20
30:00:00	108000	0	0	20	0	0	0	0	0	0	0	0	0	0	0	0	0	0	0	20	0
30:05:00	108300	0	0	0	0	0	0	0	0	0	0	0	0	0	0	0	0	0	0	0	0
